Solution found with the path:{0: 34, 1: 8, 2: 1, 3: 23, 4: 9, 5: 3, 6: 15, 7: 11, 8: 22}
Board formed:
[[0 1 1 1 1 1 1]
 [1 1 1 1 1 1 1]
 [1 1 1 1 1 1 1]
 [1 1 1 1 1 1 1]
 [1 1 1 1 1 1 1]
 [1 1 1 1 1 1 1]
 [1 1 1 1 1 1 1]]
No. of solutions so far:1
Locations of the arranged pieces[(0, 0, 34), (0, 2, 8), (0, 5, 1), (1, 3, 23), (3, 0, 9), (3, 1, 3), (4, 0, 15), (6, 1, 11), (4, 4, 22)]
------------------------------------------------------------------
Solution found with the path:{0: 34, 1: 8, 2: 1, 3: 23, 4: 9, 5: 3, 6: 15, 7: 22, 8: 11}
Board formed:
[[0 1 1 1 1 1 1]
 [1 1 1 1 1 1 1]
 [1 1 1 1 1 1 1]
 [1 1 1 1 1 1 1]
 [1 1 1 1 1 1 1]
 [1 1 1 1 1 1 1]
 [1 1 1 1 1 1 1]]
No. of solutions so far:2
Locations of the arranged pieces[(0, 0, 34), (0, 2, 8), (0, 5, 1), (1, 3, 23), (3, 0, 9), (3, 1, 3), (4, 0, 15), (4, 4, 22), (6, 1, 11)]
------------------------------------------------------------------
Solution found with the path:{0: 34, 1: 8, 2: 1, 3: 23, 4: 9, 5: 3, 6: 15, 7: 22, 8: 29}
Board formed:
[[0 1 1 1 1 1 1]
 [1 1 1 1 1 1 1]
 [1 1 1 1 1 1 1]
 [1 1 1 1 1 1 1]
 [1 1 1 1 1 1 1]
 [1 1 1 1 1 1 1]
 [1 1 1 1 1 1 1]]
No. of solutions so far:3
Locations of the arranged pieces[(0, 0, 34), (0, 2, 8), (0, 5, 1), (1, 3, 23), (3, 0, 9), (3, 1, 3), (4, 0, 15), (4, 4, 22), (6, 1, 29)]
------------------------------------------------------------------
Solution found with the path:{0: 34, 1: 8, 2: 1, 3: 23, 4: 9, 5: 3, 6: 15, 7: 29, 8: 22}
Board formed:
[[0 1 1 1 1 1 1]
 [1 1 1 1 1 1 1]
 [1 1 1 1 1 1 1]
 [1 1 1 1 1 1 1]
 [1 1 1 1 1 1 1]
 [1 1 1 1 1 1 1]
 [1 1 1 1 1 1 1]]
No. of solutions so far:4
Locations of the arranged pieces[(0, 0, 34), (0, 2, 8), (0, 5, 1), (1, 3, 23), (3, 0, 9), (3, 1, 3), (4, 0, 15), (6, 1, 29), (4, 4, 22)]
------------------------------------------------------------------
Solution found with the path:{0: 34, 1: 8, 2: 1, 3: 23, 4: 27, 5: 3, 6: 15, 7: 11, 8: 22}
Board formed:
[[0 1 1 1 1 1 1]
 [1 1 1 1 1 1 1]
 [1 1 1 1 1 1 1]
 [1 1 1 1 1 1 1]
 [1 1 1 1 1 1 1]
 [1 1 1 1 1 1 1]
 [1 1 1 1 1 1 1]]
No. of solutions so far:5
Locations of the arranged pieces[(0, 0, 34), (0, 2, 8), (0, 5, 1), (1, 3, 23), (3, 0, 27), (3, 1, 3), (4, 0, 15), (6, 1, 11), (4, 4, 22)]
------------------------------------------------------------------
Solution found with the path:{0: 34, 1: 8, 2: 1, 3: 23, 4: 27, 5: 3, 6: 15, 7: 22, 8: 11}
Board formed:
[[0 1 1 1 1 1 1]
 [1 1 1 1 1 1 1]
 [1 1 1 1 1 1 1]
 [1 1 1 1 1 1 1]
 [1 1 1 1 1 1 1]
 [1 1 1 1 1 1 1]
 [1 1 1 1 1 1 1]]
No. of solutions so far:6
Locations of the arranged pieces[(0, 0, 34), (0, 2, 8), (0, 5, 1), (1, 3, 23), (3, 0, 27), (3, 1, 3), (4, 0, 15), (4, 4, 22), (6, 1, 11)]
------------------------------------------------------------------
Solution found with the path:{0: 34, 1: 8, 2: 1, 3: 23, 4: 27, 5: 3, 6: 15, 7: 22, 8: 29}
Board formed:
[[0 1 1 1 1 1 1]
 [1 1 1 1 1 1 1]
 [1 1 1 1 1 1 1]
 [1 1 1 1 1 1 1]
 [1 1 1 1 1 1 1]
 [1 1 1 1 1 1 1]
 [1 1 1 1 1 1 1]]
No. of solutions so far:7
Locations of the arranged pieces[(0, 0, 34), (0, 2, 8), (0, 5, 1), (1, 3, 23), (3, 0, 27), (3, 1, 3), (4, 0, 15), (4, 4, 22), (6, 1, 29)]
------------------------------------------------------------------
Solution found with the path:{0: 34, 1: 8, 2: 1, 3: 23, 4: 27, 5: 3, 6: 15, 7: 29, 8: 22}
Board formed:
[[0 1 1 1 1 1 1]
 [1 1 1 1 1 1 1]
 [1 1 1 1 1 1 1]
 [1 1 1 1 1 1 1]
 [1 1 1 1 1 1 1]
 [1 1 1 1 1 1 1]
 [1 1 1 1 1 1 1]]
No. of solutions so far:8
Locations of the arranged pieces[(0, 0, 34), (0, 2, 8), (0, 5, 1), (1, 3, 23), (3, 0, 27), (3, 1, 3), (4, 0, 15), (6, 1, 29), (4, 4, 22)]
------------------------------------------------------------------
Solution found with the path:{0: 34, 1: 11, 2: 8, 3: 5, 4: 0, 5: 28, 6: 3, 7: 33, 8: 4}
Board formed:
[[0 1 1 1 1 1 1]
 [1 1 1 1 1 1 1]
 [1 1 1 1 1 1 1]
 [1 1 1 1 1 1 1]
 [1 1 1 1 1 1 1]
 [1 1 1 1 1 1 1]
 [1 1 1 1 1 1 1]]
No. of solutions so far:9
Locations of the arranged pieces[(0, 0, 34), (0, 2, 11), (1, 3, 8), (2, 3, 5), (2, 6, 0), (3, 0, 28), (4, 2, 3), (4, 5, 33), (4, 0, 4)]
------------------------------------------------------------------
Solution found with the path:{0: 34, 1: 11, 2: 8, 3: 5, 4: 0, 5: 28, 6: 4, 7: 3, 8: 33}
Board formed:
[[0 1 1 1 1 1 1]
 [1 1 1 1 1 1 1]
 [1 1 1 1 1 1 1]
 [1 1 1 1 1 1 1]
 [1 1 1 1 1 1 1]
 [1 1 1 1 1 1 1]
 [1 1 1 1 1 1 1]]
No. of solutions so far:10
Locations of the arranged pieces[(0, 0, 34), (0, 2, 11), (1, 3, 8), (2, 3, 5), (2, 6, 0), (3, 0, 28), (4, 0, 4), (4, 2, 3), (4, 5, 33)]
------------------------------------------------------------------
Solution found with the path:{0: 34, 1: 11, 2: 8, 3: 5, 4: 18, 5: 28, 6: 3, 7: 33, 8: 4}
Board formed:
[[0 1 1 1 1 1 1]
 [1 1 1 1 1 1 1]
 [1 1 1 1 1 1 1]
 [1 1 1 1 1 1 1]
 [1 1 1 1 1 1 1]
 [1 1 1 1 1 1 1]
 [1 1 1 1 1 1 1]]
No. of solutions so far:11
Locations of the arranged pieces[(0, 0, 34), (0, 2, 11), (1, 3, 8), (2, 3, 5), (2, 6, 18), (3, 0, 28), (4, 2, 3), (4, 5, 33), (4, 0, 4)]
------------------------------------------------------------------
Solution found with the path:{0: 34, 1: 11, 2: 8, 3: 5, 4: 18, 5: 28, 6: 4, 7: 3, 8: 33}
Board formed:
[[0 1 1 1 1 1 1]
 [1 1 1 1 1 1 1]
 [1 1 1 1 1 1 1]
 [1 1 1 1 1 1 1]
 [1 1 1 1 1 1 1]
 [1 1 1 1 1 1 1]
 [1 1 1 1 1 1 1]]
No. of solutions so far:12
Locations of the arranged pieces[(0, 0, 34), (0, 2, 11), (1, 3, 8), (2, 3, 5), (2, 6, 18), (3, 0, 28), (4, 0, 4), (4, 2, 3), (4, 5, 33)]
------------------------------------------------------------------
Solution found with the path:{0: 34, 1: 11, 2: 35, 3: 24, 4: 30, 5: 13, 6: 14, 7: 10, 8: 0}
Board formed:
[[0 1 1 1 1 1 1]
 [1 1 1 1 1 1 1]
 [1 1 1 1 1 1 1]
 [1 1 1 1 1 1 1]
 [1 1 1 1 1 1 1]
 [1 1 1 1 1 1 1]
 [1 1 1 1 1 1 1]]
No. of solutions so far:13
Locations of the arranged pieces[(0, 0, 34), (0, 2, 11), (1, 3, 35), (1, 4, 24), (2, 4, 30), (3, 0, 13), (4, 0, 14), (5, 2, 10), (5, 6, 0)]
------------------------------------------------------------------
Solution found with the path:{0: 34, 1: 11, 2: 35, 3: 24, 4: 30, 5: 13, 6: 14, 7: 10, 8: 18}
Board formed:
[[0 1 1 1 1 1 1]
 [1 1 1 1 1 1 1]
 [1 1 1 1 1 1 1]
 [1 1 1 1 1 1 1]
 [1 1 1 1 1 1 1]
 [1 1 1 1 1 1 1]
 [1 1 1 1 1 1 1]]
No. of solutions so far:14
Locations of the arranged pieces[(0, 0, 34), (0, 2, 11), (1, 3, 35), (1, 4, 24), (2, 4, 30), (3, 0, 13), (4, 0, 14), (5, 2, 10), (5, 6, 18)]
------------------------------------------------------------------
Solution found with the path:{0: 34, 1: 21, 2: 9, 3: 2, 4: 19, 5: 22, 6: 23, 7: 26, 8: 33}
Board formed:
[[0 1 1 1 1 1 1]
 [1 1 1 1 1 1 1]
 [1 1 1 1 1 1 1]
 [1 1 1 1 1 1 1]
 [1 1 1 1 1 1 1]
 [1 1 1 1 1 1 1]
 [1 1 1 1 1 1 1]]
No. of solutions so far:15
Locations of the arranged pieces[(0, 0, 34), (0, 2, 21), (0, 5, 9), (1, 6, 2), (3, 0, 19), (3, 1, 22), (4, 4, 23), (5, 1, 26), (2, 4, 33)]
------------------------------------------------------------------
Solution found with the path:{0: 34, 1: 21, 2: 9, 3: 2, 4: 33, 5: 19, 6: 22, 7: 23, 8: 26}
Board formed:
[[0 1 1 1 1 1 1]
 [1 1 1 1 1 1 1]
 [1 1 1 1 1 1 1]
 [1 1 1 1 1 1 1]
 [1 1 1 1 1 1 1]
 [1 1 1 1 1 1 1]
 [1 1 1 1 1 1 1]]
No. of solutions so far:16
Locations of the arranged pieces[(0, 0, 34), (0, 2, 21), (0, 5, 9), (1, 6, 2), (2, 4, 33), (3, 0, 19), (3, 1, 22), (4, 4, 23), (5, 1, 26)]
------------------------------------------------------------------
Solution found with the path:{0: 34, 1: 21, 2: 9, 3: 2, 4: 33, 5: 19, 6: 22, 7: 26, 8: 23}
Board formed:
[[0 1 1 1 1 1 1]
 [1 1 1 1 1 1 1]
 [1 1 1 1 1 1 1]
 [1 1 1 1 1 1 1]
 [1 1 1 1 1 1 1]
 [1 1 1 1 1 1 1]
 [1 1 1 1 1 1 1]]
No. of solutions so far:17
Locations of the arranged pieces[(0, 0, 34), (0, 2, 21), (0, 5, 9), (1, 6, 2), (2, 4, 33), (3, 0, 19), (3, 1, 22), (5, 1, 26), (4, 4, 23)]
------------------------------------------------------------------
Solution found with the path:{0: 34, 1: 21, 2: 9, 3: 20, 4: 19, 5: 22, 6: 23, 7: 26, 8: 33}
Board formed:
[[0 1 1 1 1 1 1]
 [1 1 1 1 1 1 1]
 [1 1 1 1 1 1 1]
 [1 1 1 1 1 1 1]
 [1 1 1 1 1 1 1]
 [1 1 1 1 1 1 1]
 [1 1 1 1 1 1 1]]
No. of solutions so far:18
Locations of the arranged pieces[(0, 0, 34), (0, 2, 21), (0, 5, 9), (1, 6, 20), (3, 0, 19), (3, 1, 22), (4, 4, 23), (5, 1, 26), (2, 4, 33)]
------------------------------------------------------------------
Solution found with the path:{0: 34, 1: 21, 2: 9, 3: 20, 4: 33, 5: 19, 6: 22, 7: 23, 8: 26}
Board formed:
[[0 1 1 1 1 1 1]
 [1 1 1 1 1 1 1]
 [1 1 1 1 1 1 1]
 [1 1 1 1 1 1 1]
 [1 1 1 1 1 1 1]
 [1 1 1 1 1 1 1]
 [1 1 1 1 1 1 1]]
No. of solutions so far:19
Locations of the arranged pieces[(0, 0, 34), (0, 2, 21), (0, 5, 9), (1, 6, 20), (2, 4, 33), (3, 0, 19), (3, 1, 22), (4, 4, 23), (5, 1, 26)]
------------------------------------------------------------------
Solution found with the path:{0: 34, 1: 21, 2: 9, 3: 20, 4: 33, 5: 19, 6: 22, 7: 26, 8: 23}
Board formed:
[[0 1 1 1 1 1 1]
 [1 1 1 1 1 1 1]
 [1 1 1 1 1 1 1]
 [1 1 1 1 1 1 1]
 [1 1 1 1 1 1 1]
 [1 1 1 1 1 1 1]
 [1 1 1 1 1 1 1]]
No. of solutions so far:20
Locations of the arranged pieces[(0, 0, 34), (0, 2, 21), (0, 5, 9), (1, 6, 20), (2, 4, 33), (3, 0, 19), (3, 1, 22), (5, 1, 26), (4, 4, 23)]
------------------------------------------------------------------
Solution found with the path:{0: 34, 1: 21, 2: 9, 3: 33, 4: 35, 5: 11, 6: 32, 7: 22, 8: 10}
Board formed:
[[0 1 1 1 1 1 1]
 [1 1 1 1 1 1 1]
 [1 1 1 1 1 1 1]
 [1 1 1 1 1 1 1]
 [1 1 1 1 1 1 1]
 [1 1 1 1 1 1 1]
 [1 1 1 1 1 1 1]]
No. of solutions so far:21
Locations of the arranged pieces[(0, 0, 34), (0, 2, 21), (0, 5, 9), (1, 5, 33), (3, 0, 35), (3, 1, 11), (4, 1, 32), (4, 4, 22), (5, 2, 10)]
------------------------------------------------------------------
Solution found with the path:{0: 34, 1: 21, 2: 9, 3: 33, 4: 35, 5: 29, 6: 32, 7: 22, 8: 10}
Board formed:
[[0 1 1 1 1 1 1]
 [1 1 1 1 1 1 1]
 [1 1 1 1 1 1 1]
 [1 1 1 1 1 1 1]
 [1 1 1 1 1 1 1]
 [1 1 1 1 1 1 1]
 [1 1 1 1 1 1 1]]
No. of solutions so far:22
Locations of the arranged pieces[(0, 0, 34), (0, 2, 21), (0, 5, 9), (1, 5, 33), (3, 0, 35), (3, 1, 29), (4, 1, 32), (4, 4, 22), (5, 2, 10)]
------------------------------------------------------------------
Solution found with the path:{0: 34, 1: 21, 2: 27, 3: 2, 4: 19, 5: 22, 6: 23, 7: 26, 8: 33}
Board formed:
[[0 1 1 1 1 1 1]
 [1 1 1 1 1 1 1]
 [1 1 1 1 1 1 1]
 [1 1 1 1 1 1 1]
 [1 1 1 1 1 1 1]
 [1 1 1 1 1 1 1]
 [1 1 1 1 1 1 1]]
No. of solutions so far:23
Locations of the arranged pieces[(0, 0, 34), (0, 2, 21), (0, 5, 27), (1, 6, 2), (3, 0, 19), (3, 1, 22), (4, 4, 23), (5, 1, 26), (2, 4, 33)]
------------------------------------------------------------------
Solution found with the path:{0: 34, 1: 21, 2: 27, 3: 2, 4: 33, 5: 19, 6: 22, 7: 23, 8: 26}
Board formed:
[[0 1 1 1 1 1 1]
 [1 1 1 1 1 1 1]
 [1 1 1 1 1 1 1]
 [1 1 1 1 1 1 1]
 [1 1 1 1 1 1 1]
 [1 1 1 1 1 1 1]
 [1 1 1 1 1 1 1]]
No. of solutions so far:24
Locations of the arranged pieces[(0, 0, 34), (0, 2, 21), (0, 5, 27), (1, 6, 2), (2, 4, 33), (3, 0, 19), (3, 1, 22), (4, 4, 23), (5, 1, 26)]
------------------------------------------------------------------
Solution found with the path:{0: 34, 1: 21, 2: 27, 3: 2, 4: 33, 5: 19, 6: 22, 7: 26, 8: 23}
Board formed:
[[0 1 1 1 1 1 1]
 [1 1 1 1 1 1 1]
 [1 1 1 1 1 1 1]
 [1 1 1 1 1 1 1]
 [1 1 1 1 1 1 1]
 [1 1 1 1 1 1 1]
 [1 1 1 1 1 1 1]]
No. of solutions so far:25
Locations of the arranged pieces[(0, 0, 34), (0, 2, 21), (0, 5, 27), (1, 6, 2), (2, 4, 33), (3, 0, 19), (3, 1, 22), (5, 1, 26), (4, 4, 23)]
------------------------------------------------------------------
Solution found with the path:{0: 34, 1: 21, 2: 27, 3: 20, 4: 19, 5: 22, 6: 23, 7: 26, 8: 33}
Board formed:
[[0 1 1 1 1 1 1]
 [1 1 1 1 1 1 1]
 [1 1 1 1 1 1 1]
 [1 1 1 1 1 1 1]
 [1 1 1 1 1 1 1]
 [1 1 1 1 1 1 1]
 [1 1 1 1 1 1 1]]
No. of solutions so far:26
Locations of the arranged pieces[(0, 0, 34), (0, 2, 21), (0, 5, 27), (1, 6, 20), (3, 0, 19), (3, 1, 22), (4, 4, 23), (5, 1, 26), (2, 4, 33)]
------------------------------------------------------------------
Solution found with the path:{0: 34, 1: 21, 2: 27, 3: 20, 4: 33, 5: 19, 6: 22, 7: 23, 8: 26}
Board formed:
[[0 1 1 1 1 1 1]
 [1 1 1 1 1 1 1]
 [1 1 1 1 1 1 1]
 [1 1 1 1 1 1 1]
 [1 1 1 1 1 1 1]
 [1 1 1 1 1 1 1]
 [1 1 1 1 1 1 1]]
No. of solutions so far:27
Locations of the arranged pieces[(0, 0, 34), (0, 2, 21), (0, 5, 27), (1, 6, 20), (2, 4, 33), (3, 0, 19), (3, 1, 22), (4, 4, 23), (5, 1, 26)]
------------------------------------------------------------------
Solution found with the path:{0: 34, 1: 21, 2: 27, 3: 20, 4: 33, 5: 19, 6: 22, 7: 26, 8: 23}
Board formed:
[[0 1 1 1 1 1 1]
 [1 1 1 1 1 1 1]
 [1 1 1 1 1 1 1]
 [1 1 1 1 1 1 1]
 [1 1 1 1 1 1 1]
 [1 1 1 1 1 1 1]
 [1 1 1 1 1 1 1]]
No. of solutions so far:28
Locations of the arranged pieces[(0, 0, 34), (0, 2, 21), (0, 5, 27), (1, 6, 20), (2, 4, 33), (3, 0, 19), (3, 1, 22), (5, 1, 26), (4, 4, 23)]
------------------------------------------------------------------
Solution found with the path:{0: 34, 1: 21, 2: 27, 3: 33, 4: 35, 5: 11, 6: 32, 7: 22, 8: 10}
Board formed:
[[0 1 1 1 1 1 1]
 [1 1 1 1 1 1 1]
 [1 1 1 1 1 1 1]
 [1 1 1 1 1 1 1]
 [1 1 1 1 1 1 1]
 [1 1 1 1 1 1 1]
 [1 1 1 1 1 1 1]]
No. of solutions so far:29
Locations of the arranged pieces[(0, 0, 34), (0, 2, 21), (0, 5, 27), (1, 5, 33), (3, 0, 35), (3, 1, 11), (4, 1, 32), (4, 4, 22), (5, 2, 10)]
------------------------------------------------------------------
Solution found with the path:{0: 34, 1: 21, 2: 27, 3: 33, 4: 35, 5: 29, 6: 32, 7: 22, 8: 10}
Board formed:
[[0 1 1 1 1 1 1]
 [1 1 1 1 1 1 1]
 [1 1 1 1 1 1 1]
 [1 1 1 1 1 1 1]
 [1 1 1 1 1 1 1]
 [1 1 1 1 1 1 1]
 [1 1 1 1 1 1 1]]
No. of solutions so far:30
Locations of the arranged pieces[(0, 0, 34), (0, 2, 21), (0, 5, 27), (1, 5, 33), (3, 0, 35), (3, 1, 29), (4, 1, 32), (4, 4, 22), (5, 2, 10)]
------------------------------------------------------------------
Solution found with the path:{0: 34, 1: 29, 2: 8, 3: 5, 4: 0, 5: 28, 6: 3, 7: 33, 8: 4}
Board formed:
[[0 1 1 1 1 1 1]
 [1 1 1 1 1 1 1]
 [1 1 1 1 1 1 1]
 [1 1 1 1 1 1 1]
 [1 1 1 1 1 1 1]
 [1 1 1 1 1 1 1]
 [1 1 1 1 1 1 1]]
No. of solutions so far:31
Locations of the arranged pieces[(0, 0, 34), (0, 2, 29), (1, 3, 8), (2, 3, 5), (2, 6, 0), (3, 0, 28), (4, 2, 3), (4, 5, 33), (4, 0, 4)]
------------------------------------------------------------------
Solution found with the path:{0: 34, 1: 29, 2: 8, 3: 5, 4: 0, 5: 28, 6: 4, 7: 3, 8: 33}
Board formed:
[[0 1 1 1 1 1 1]
 [1 1 1 1 1 1 1]
 [1 1 1 1 1 1 1]
 [1 1 1 1 1 1 1]
 [1 1 1 1 1 1 1]
 [1 1 1 1 1 1 1]
 [1 1 1 1 1 1 1]]
No. of solutions so far:32
Locations of the arranged pieces[(0, 0, 34), (0, 2, 29), (1, 3, 8), (2, 3, 5), (2, 6, 0), (3, 0, 28), (4, 0, 4), (4, 2, 3), (4, 5, 33)]
------------------------------------------------------------------
Solution found with the path:{0: 34, 1: 29, 2: 8, 3: 5, 4: 18, 5: 28, 6: 3, 7: 33, 8: 4}
Board formed:
[[0 1 1 1 1 1 1]
 [1 1 1 1 1 1 1]
 [1 1 1 1 1 1 1]
 [1 1 1 1 1 1 1]
 [1 1 1 1 1 1 1]
 [1 1 1 1 1 1 1]
 [1 1 1 1 1 1 1]]
No. of solutions so far:33
Locations of the arranged pieces[(0, 0, 34), (0, 2, 29), (1, 3, 8), (2, 3, 5), (2, 6, 18), (3, 0, 28), (4, 2, 3), (4, 5, 33), (4, 0, 4)]
------------------------------------------------------------------
Solution found with the path:{0: 34, 1: 29, 2: 8, 3: 5, 4: 18, 5: 28, 6: 4, 7: 3, 8: 33}
Board formed:
[[0 1 1 1 1 1 1]
 [1 1 1 1 1 1 1]
 [1 1 1 1 1 1 1]
 [1 1 1 1 1 1 1]
 [1 1 1 1 1 1 1]
 [1 1 1 1 1 1 1]
 [1 1 1 1 1 1 1]]
No. of solutions so far:34
Locations of the arranged pieces[(0, 0, 34), (0, 2, 29), (1, 3, 8), (2, 3, 5), (2, 6, 18), (3, 0, 28), (4, 0, 4), (4, 2, 3), (4, 5, 33)]
------------------------------------------------------------------
Solution found with the path:{0: 34, 1: 29, 2: 35, 3: 24, 4: 30, 5: 13, 6: 14, 7: 10, 8: 0}
Board formed:
[[0 1 1 1 1 1 1]
 [1 1 1 1 1 1 1]
 [1 1 1 1 1 1 1]
 [1 1 1 1 1 1 1]
 [1 1 1 1 1 1 1]
 [1 1 1 1 1 1 1]
 [1 1 1 1 1 1 1]]
No. of solutions so far:35
Locations of the arranged pieces[(0, 0, 34), (0, 2, 29), (1, 3, 35), (1, 4, 24), (2, 4, 30), (3, 0, 13), (4, 0, 14), (5, 2, 10), (5, 6, 0)]
------------------------------------------------------------------
Solution found with the path:{0: 34, 1: 29, 2: 35, 3: 24, 4: 30, 5: 13, 6: 14, 7: 10, 8: 18}
Board formed:
[[0 1 1 1 1 1 1]
 [1 1 1 1 1 1 1]
 [1 1 1 1 1 1 1]
 [1 1 1 1 1 1 1]
 [1 1 1 1 1 1 1]
 [1 1 1 1 1 1 1]
 [1 1 1 1 1 1 1]]
No. of solutions so far:36
Locations of the arranged pieces[(0, 0, 34), (0, 2, 29), (1, 3, 35), (1, 4, 24), (2, 4, 30), (3, 0, 13), (4, 0, 14), (5, 2, 10), (5, 6, 18)]
------------------------------------------------------------------
