Solution found with the path:{0: 3, 1: 0, 2: 13, 3: 1, 4: 2, 5: 8, 6: 7, 7: 5, 8: 6}
Board formed:
[[0 1 1 1 1 1 1]
 [1 1 1 1 1 1 1]
 [1 1 1 1 1 1 1]
 [1 1 1 1 1 1 1]
 [1 1 1 1 1 1 1]
 [1 1 1 1 1 1 1]
 [1 1 1 1 1 1 1]]
No. of solutions so far:1
Locations of the arranged pieces[(0, 0, 3), (0, 3, 0), (0, 4, 13), (1, 5, 1), (2, 0, 2), (3, 1, 8), (4, 1, 7), (4, 4, 5), (5, 3, 6)]
------------------------------------------------------------------
Solution found with the path:{0: 3, 1: 0, 2: 13, 3: 1, 4: 20, 5: 8, 6: 7, 7: 5, 8: 6}
Board formed:
[[0 1 1 1 1 1 1]
 [1 1 1 1 1 1 1]
 [1 1 1 1 1 1 1]
 [1 1 1 1 1 1 1]
 [1 1 1 1 1 1 1]
 [1 1 1 1 1 1 1]
 [1 1 1 1 1 1 1]]
No. of solutions so far:2
Locations of the arranged pieces[(0, 0, 3), (0, 3, 0), (0, 4, 13), (1, 5, 1), (2, 0, 20), (3, 1, 8), (4, 1, 7), (4, 4, 5), (5, 3, 6)]
------------------------------------------------------------------
Solution found with the path:{0: 3, 1: 0, 2: 16, 3: 2, 4: 15, 5: 17, 6: 13, 7: 14, 8: 10}
Board formed:
[[0 1 1 1 1 1 1]
 [1 1 1 1 1 1 1]
 [1 1 1 1 1 1 1]
 [1 1 1 1 1 1 1]
 [1 1 1 1 1 1 1]
 [1 1 1 1 1 1 1]
 [1 1 1 1 1 1 1]]
No. of solutions so far:3
Locations of the arranged pieces[(0, 0, 3), (0, 3, 0), (0, 4, 16), (2, 0, 2), (2, 4, 15), (2, 5, 17), (3, 1, 13), (4, 1, 14), (5, 3, 10)]
------------------------------------------------------------------
Solution found with the path:{0: 3, 1: 0, 2: 16, 3: 20, 4: 15, 5: 17, 6: 13, 7: 14, 8: 10}
Board formed:
[[0 1 1 1 1 1 1]
 [1 1 1 1 1 1 1]
 [1 1 1 1 1 1 1]
 [1 1 1 1 1 1 1]
 [1 1 1 1 1 1 1]
 [1 1 1 1 1 1 1]
 [1 1 1 1 1 1 1]]
No. of solutions so far:4
Locations of the arranged pieces[(0, 0, 3), (0, 3, 0), (0, 4, 16), (2, 0, 20), (2, 4, 15), (2, 5, 17), (3, 1, 13), (4, 1, 14), (5, 3, 10)]
------------------------------------------------------------------
Solution found with the path:{0: 3, 1: 0, 2: 24, 3: 17, 4: 1, 5: 2, 6: 5, 7: 4, 8: 34}
Board formed:
[[0 1 1 1 1 1 1]
 [1 1 1 1 1 1 1]
 [1 1 1 1 1 1 1]
 [1 1 1 1 1 1 1]
 [1 1 1 1 1 1 1]
 [1 1 1 1 1 1 1]
 [1 1 1 1 1 1 1]]
No. of solutions so far:5
Locations of the arranged pieces[(0, 0, 3), (0, 3, 0), (0, 4, 24), (1, 3, 17), (1, 5, 1), (2, 0, 2), (3, 1, 5), (4, 1, 4), (4, 4, 34)]
------------------------------------------------------------------
Solution found with the path:{0: 3, 1: 0, 2: 24, 3: 17, 4: 1, 5: 2, 6: 5, 7: 34, 8: 4}
Board formed:
[[0 1 1 1 1 1 1]
 [1 1 1 1 1 1 1]
 [1 1 1 1 1 1 1]
 [1 1 1 1 1 1 1]
 [1 1 1 1 1 1 1]
 [1 1 1 1 1 1 1]
 [1 1 1 1 1 1 1]]
No. of solutions so far:6
Locations of the arranged pieces[(0, 0, 3), (0, 3, 0), (0, 4, 24), (1, 3, 17), (1, 5, 1), (2, 0, 2), (3, 1, 5), (4, 4, 34), (4, 1, 4)]
------------------------------------------------------------------
Solution found with the path:{0: 3, 1: 0, 2: 24, 3: 17, 4: 1, 5: 20, 6: 5, 7: 4, 8: 34}
Board formed:
[[0 1 1 1 1 1 1]
 [1 1 1 1 1 1 1]
 [1 1 1 1 1 1 1]
 [1 1 1 1 1 1 1]
 [1 1 1 1 1 1 1]
 [1 1 1 1 1 1 1]
 [1 1 1 1 1 1 1]]
No. of solutions so far:7
Locations of the arranged pieces[(0, 0, 3), (0, 3, 0), (0, 4, 24), (1, 3, 17), (1, 5, 1), (2, 0, 20), (3, 1, 5), (4, 1, 4), (4, 4, 34)]
------------------------------------------------------------------
Solution found with the path:{0: 3, 1: 0, 2: 24, 3: 17, 4: 1, 5: 20, 6: 5, 7: 34, 8: 4}
Board formed:
[[0 1 1 1 1 1 1]
 [1 1 1 1 1 1 1]
 [1 1 1 1 1 1 1]
 [1 1 1 1 1 1 1]
 [1 1 1 1 1 1 1]
 [1 1 1 1 1 1 1]
 [1 1 1 1 1 1 1]]
No. of solutions so far:8
Locations of the arranged pieces[(0, 0, 3), (0, 3, 0), (0, 4, 24), (1, 3, 17), (1, 5, 1), (2, 0, 20), (3, 1, 5), (4, 4, 34), (4, 1, 4)]
------------------------------------------------------------------
Solution found with the path:{0: 3, 1: 8, 2: 9, 3: 1, 4: 2, 5: 33, 6: 5, 7: 4, 8: 34}
Board formed:
[[0 1 1 1 1 1 1]
 [1 1 1 1 1 1 1]
 [1 1 1 1 1 1 1]
 [1 1 1 1 1 1 1]
 [1 1 1 1 1 1 1]
 [1 1 1 1 1 1 1]
 [1 1 1 1 1 1 1]]
No. of solutions so far:9
Locations of the arranged pieces[(0, 0, 3), (0, 3, 8), (1, 3, 9), (1, 5, 1), (2, 0, 2), (2, 3, 33), (3, 1, 5), (4, 1, 4), (4, 4, 34)]
------------------------------------------------------------------
Solution found with the path:{0: 3, 1: 8, 2: 9, 3: 1, 4: 2, 5: 33, 6: 5, 7: 34, 8: 4}
Board formed:
[[0 1 1 1 1 1 1]
 [1 1 1 1 1 1 1]
 [1 1 1 1 1 1 1]
 [1 1 1 1 1 1 1]
 [1 1 1 1 1 1 1]
 [1 1 1 1 1 1 1]
 [1 1 1 1 1 1 1]]
No. of solutions so far:10
Locations of the arranged pieces[(0, 0, 3), (0, 3, 8), (1, 3, 9), (1, 5, 1), (2, 0, 2), (2, 3, 33), (3, 1, 5), (4, 4, 34), (4, 1, 4)]
------------------------------------------------------------------
Solution found with the path:{0: 3, 1: 8, 2: 9, 3: 1, 4: 20, 5: 33, 6: 5, 7: 4, 8: 34}
Board formed:
[[0 1 1 1 1 1 1]
 [1 1 1 1 1 1 1]
 [1 1 1 1 1 1 1]
 [1 1 1 1 1 1 1]
 [1 1 1 1 1 1 1]
 [1 1 1 1 1 1 1]
 [1 1 1 1 1 1 1]]
No. of solutions so far:11
Locations of the arranged pieces[(0, 0, 3), (0, 3, 8), (1, 3, 9), (1, 5, 1), (2, 0, 20), (2, 3, 33), (3, 1, 5), (4, 1, 4), (4, 4, 34)]
------------------------------------------------------------------
Solution found with the path:{0: 3, 1: 8, 2: 9, 3: 1, 4: 20, 5: 33, 6: 5, 7: 34, 8: 4}
Board formed:
[[0 1 1 1 1 1 1]
 [1 1 1 1 1 1 1]
 [1 1 1 1 1 1 1]
 [1 1 1 1 1 1 1]
 [1 1 1 1 1 1 1]
 [1 1 1 1 1 1 1]
 [1 1 1 1 1 1 1]]
No. of solutions so far:12
Locations of the arranged pieces[(0, 0, 3), (0, 3, 8), (1, 3, 9), (1, 5, 1), (2, 0, 20), (2, 3, 33), (3, 1, 5), (4, 4, 34), (4, 1, 4)]
------------------------------------------------------------------
Solution found with the path:{0: 3, 1: 8, 2: 27, 3: 1, 4: 2, 5: 33, 6: 5, 7: 4, 8: 34}
Board formed:
[[0 1 1 1 1 1 1]
 [1 1 1 1 1 1 1]
 [1 1 1 1 1 1 1]
 [1 1 1 1 1 1 1]
 [1 1 1 1 1 1 1]
 [1 1 1 1 1 1 1]
 [1 1 1 1 1 1 1]]
No. of solutions so far:13
Locations of the arranged pieces[(0, 0, 3), (0, 3, 8), (1, 3, 27), (1, 5, 1), (2, 0, 2), (2, 3, 33), (3, 1, 5), (4, 1, 4), (4, 4, 34)]
------------------------------------------------------------------
Solution found with the path:{0: 3, 1: 8, 2: 27, 3: 1, 4: 2, 5: 33, 6: 5, 7: 34, 8: 4}
Board formed:
[[0 1 1 1 1 1 1]
 [1 1 1 1 1 1 1]
 [1 1 1 1 1 1 1]
 [1 1 1 1 1 1 1]
 [1 1 1 1 1 1 1]
 [1 1 1 1 1 1 1]
 [1 1 1 1 1 1 1]]
No. of solutions so far:14
Locations of the arranged pieces[(0, 0, 3), (0, 3, 8), (1, 3, 27), (1, 5, 1), (2, 0, 2), (2, 3, 33), (3, 1, 5), (4, 4, 34), (4, 1, 4)]
------------------------------------------------------------------
Solution found with the path:{0: 3, 1: 8, 2: 27, 3: 1, 4: 20, 5: 33, 6: 5, 7: 4, 8: 34}
Board formed:
[[0 1 1 1 1 1 1]
 [1 1 1 1 1 1 1]
 [1 1 1 1 1 1 1]
 [1 1 1 1 1 1 1]
 [1 1 1 1 1 1 1]
 [1 1 1 1 1 1 1]
 [1 1 1 1 1 1 1]]
No. of solutions so far:15
Locations of the arranged pieces[(0, 0, 3), (0, 3, 8), (1, 3, 27), (1, 5, 1), (2, 0, 20), (2, 3, 33), (3, 1, 5), (4, 1, 4), (4, 4, 34)]
------------------------------------------------------------------
Solution found with the path:{0: 3, 1: 8, 2: 27, 3: 1, 4: 20, 5: 33, 6: 5, 7: 34, 8: 4}
Board formed:
[[0 1 1 1 1 1 1]
 [1 1 1 1 1 1 1]
 [1 1 1 1 1 1 1]
 [1 1 1 1 1 1 1]
 [1 1 1 1 1 1 1]
 [1 1 1 1 1 1 1]
 [1 1 1 1 1 1 1]]
No. of solutions so far:16
Locations of the arranged pieces[(0, 0, 3), (0, 3, 8), (1, 3, 27), (1, 5, 1), (2, 0, 20), (2, 3, 33), (3, 1, 5), (4, 4, 34), (4, 1, 4)]
------------------------------------------------------------------
Solution found with the path:{0: 3, 1: 16, 2: 17, 3: 2, 4: 19, 5: 24, 6: 0, 7: 14, 8: 31}
Board formed:
[[0 1 1 1 1 1 1]
 [1 1 1 1 1 1 1]
 [1 1 1 1 1 1 1]
 [1 1 1 1 1 1 1]
 [1 1 1 1 1 1 1]
 [1 1 1 1 1 1 1]
 [1 1 1 1 1 1 1]]
No. of solutions so far:17
Locations of the arranged pieces[(0, 0, 3), (0, 3, 16), (0, 5, 17), (2, 0, 2), (3, 1, 19), (3, 2, 24), (3, 5, 0), (4, 2, 14), (4, 4, 31)]
------------------------------------------------------------------
Solution found with the path:{0: 3, 1: 16, 2: 17, 3: 2, 4: 19, 5: 24, 6: 14, 7: 31, 8: 9}
Board formed:
[[0 1 1 1 1 1 1]
 [1 1 1 1 1 1 1]
 [1 1 1 1 1 1 1]
 [1 1 1 1 1 1 1]
 [1 1 1 1 1 1 1]
 [1 1 1 1 1 1 1]
 [1 1 1 1 1 1 1]]
No. of solutions so far:18
Locations of the arranged pieces[(0, 0, 3), (0, 3, 16), (0, 5, 17), (2, 0, 2), (3, 1, 19), (3, 2, 24), (3, 3, 14), (4, 4, 31), (6, 2, 9)]
------------------------------------------------------------------
Solution found with the path:{0: 3, 1: 16, 2: 17, 3: 2, 4: 19, 5: 24, 6: 14, 7: 31, 8: 27}
Board formed:
[[0 1 1 1 1 1 1]
 [1 1 1 1 1 1 1]
 [1 1 1 1 1 1 1]
 [1 1 1 1 1 1 1]
 [1 1 1 1 1 1 1]
 [1 1 1 1 1 1 1]
 [1 1 1 1 1 1 1]]
No. of solutions so far:19
Locations of the arranged pieces[(0, 0, 3), (0, 3, 16), (0, 5, 17), (2, 0, 2), (3, 1, 19), (3, 2, 24), (3, 3, 14), (4, 4, 31), (6, 2, 27)]
------------------------------------------------------------------
Solution found with the path:{0: 3, 1: 16, 2: 17, 3: 2, 4: 19, 5: 24, 6: 18, 7: 14, 8: 31}
Board formed:
[[0 1 1 1 1 1 1]
 [1 1 1 1 1 1 1]
 [1 1 1 1 1 1 1]
 [1 1 1 1 1 1 1]
 [1 1 1 1 1 1 1]
 [1 1 1 1 1 1 1]
 [1 1 1 1 1 1 1]]
No. of solutions so far:20
Locations of the arranged pieces[(0, 0, 3), (0, 3, 16), (0, 5, 17), (2, 0, 2), (3, 1, 19), (3, 2, 24), (3, 5, 18), (4, 2, 14), (4, 4, 31)]
------------------------------------------------------------------
Solution found with the path:{0: 3, 1: 16, 2: 17, 3: 2, 4: 28, 5: 0, 6: 14, 7: 31, 8: 15}
Board formed:
[[0 1 1 1 1 1 1]
 [1 1 1 1 1 1 1]
 [1 1 1 1 1 1 1]
 [1 1 1 1 1 1 1]
 [1 1 1 1 1 1 1]
 [1 1 1 1 1 1 1]
 [1 1 1 1 1 1 1]]
No. of solutions so far:21
Locations of the arranged pieces[(0, 0, 3), (0, 3, 16), (0, 5, 17), (2, 0, 2), (3, 1, 28), (3, 5, 0), (4, 2, 14), (4, 4, 31), (4, 1, 15)]
------------------------------------------------------------------
Solution found with the path:{0: 3, 1: 16, 2: 17, 3: 2, 4: 28, 5: 0, 6: 15, 7: 14, 8: 31}
Board formed:
[[0 1 1 1 1 1 1]
 [1 1 1 1 1 1 1]
 [1 1 1 1 1 1 1]
 [1 1 1 1 1 1 1]
 [1 1 1 1 1 1 1]
 [1 1 1 1 1 1 1]
 [1 1 1 1 1 1 1]]
No. of solutions so far:22
Locations of the arranged pieces[(0, 0, 3), (0, 3, 16), (0, 5, 17), (2, 0, 2), (3, 1, 28), (3, 5, 0), (4, 1, 15), (4, 2, 14), (4, 4, 31)]
------------------------------------------------------------------
Solution found with the path:{0: 3, 1: 16, 2: 17, 3: 2, 4: 28, 5: 14, 6: 0, 7: 6, 8: 31}
Board formed:
[[0 1 1 1 1 1 1]
 [1 1 1 1 1 1 1]
 [1 1 1 1 1 1 1]
 [1 1 1 1 1 1 1]
 [1 1 1 1 1 1 1]
 [1 1 1 1 1 1 1]
 [1 1 1 1 1 1 1]]
No. of solutions so far:23
Locations of the arranged pieces[(0, 0, 3), (0, 3, 16), (0, 5, 17), (2, 0, 2), (3, 1, 28), (3, 3, 14), (4, 1, 0), (5, 1, 6), (4, 4, 31)]
------------------------------------------------------------------
Solution found with the path:{0: 3, 1: 16, 2: 17, 3: 2, 4: 28, 5: 14, 6: 0, 7: 31, 8: 6}
Board formed:
[[0 1 1 1 1 1 1]
 [1 1 1 1 1 1 1]
 [1 1 1 1 1 1 1]
 [1 1 1 1 1 1 1]
 [1 1 1 1 1 1 1]
 [1 1 1 1 1 1 1]
 [1 1 1 1 1 1 1]]
No. of solutions so far:24
Locations of the arranged pieces[(0, 0, 3), (0, 3, 16), (0, 5, 17), (2, 0, 2), (3, 1, 28), (3, 3, 14), (4, 1, 0), (4, 4, 31), (5, 1, 6)]
------------------------------------------------------------------
Solution found with the path:{0: 3, 1: 16, 2: 17, 3: 2, 4: 28, 5: 14, 6: 4, 7: 0, 8: 6}
Board formed:
[[0 1 1 1 1 1 1]
 [1 1 1 1 1 1 1]
 [1 1 1 1 1 1 1]
 [1 1 1 1 1 1 1]
 [1 1 1 1 1 1 1]
 [1 1 1 1 1 1 1]
 [1 1 1 1 1 1 1]]
No. of solutions so far:25
Locations of the arranged pieces[(0, 0, 3), (0, 3, 16), (0, 5, 17), (2, 0, 2), (3, 1, 28), (3, 3, 14), (4, 1, 4), (4, 6, 0), (5, 4, 6)]
------------------------------------------------------------------
Solution found with the path:{0: 3, 1: 16, 2: 17, 3: 2, 4: 28, 5: 14, 6: 4, 7: 18, 8: 6}
Board formed:
[[0 1 1 1 1 1 1]
 [1 1 1 1 1 1 1]
 [1 1 1 1 1 1 1]
 [1 1 1 1 1 1 1]
 [1 1 1 1 1 1 1]
 [1 1 1 1 1 1 1]
 [1 1 1 1 1 1 1]]
No. of solutions so far:26
Locations of the arranged pieces[(0, 0, 3), (0, 3, 16), (0, 5, 17), (2, 0, 2), (3, 1, 28), (3, 3, 14), (4, 1, 4), (4, 6, 18), (5, 4, 6)]
------------------------------------------------------------------
Solution found with the path:{0: 3, 1: 16, 2: 17, 3: 2, 4: 28, 5: 14, 6: 4, 7: 33, 8: 9}
Board formed:
[[0 1 1 1 1 1 1]
 [1 1 1 1 1 1 1]
 [1 1 1 1 1 1 1]
 [1 1 1 1 1 1 1]
 [1 1 1 1 1 1 1]
 [1 1 1 1 1 1 1]
 [1 1 1 1 1 1 1]]
No. of solutions so far:27
Locations of the arranged pieces[(0, 0, 3), (0, 3, 16), (0, 5, 17), (2, 0, 2), (3, 1, 28), (3, 3, 14), (4, 1, 4), (4, 5, 33), (6, 4, 9)]
------------------------------------------------------------------
Solution found with the path:{0: 3, 1: 16, 2: 17, 3: 2, 4: 28, 5: 14, 6: 4, 7: 33, 8: 27}
Board formed:
[[0 1 1 1 1 1 1]
 [1 1 1 1 1 1 1]
 [1 1 1 1 1 1 1]
 [1 1 1 1 1 1 1]
 [1 1 1 1 1 1 1]
 [1 1 1 1 1 1 1]
 [1 1 1 1 1 1 1]]
No. of solutions so far:28
Locations of the arranged pieces[(0, 0, 3), (0, 3, 16), (0, 5, 17), (2, 0, 2), (3, 1, 28), (3, 3, 14), (4, 1, 4), (4, 5, 33), (6, 4, 27)]
------------------------------------------------------------------
Solution found with the path:{0: 3, 1: 16, 2: 17, 3: 2, 4: 28, 5: 14, 6: 15, 7: 31, 8: 9}
Board formed:
[[0 1 1 1 1 1 1]
 [1 1 1 1 1 1 1]
 [1 1 1 1 1 1 1]
 [1 1 1 1 1 1 1]
 [1 1 1 1 1 1 1]
 [1 1 1 1 1 1 1]
 [1 1 1 1 1 1 1]]
No. of solutions so far:29
Locations of the arranged pieces[(0, 0, 3), (0, 3, 16), (0, 5, 17), (2, 0, 2), (3, 1, 28), (3, 3, 14), (4, 1, 15), (4, 4, 31), (6, 2, 9)]
------------------------------------------------------------------
Solution found with the path:{0: 3, 1: 16, 2: 17, 3: 2, 4: 28, 5: 14, 6: 15, 7: 31, 8: 27}
Board formed:
[[0 1 1 1 1 1 1]
 [1 1 1 1 1 1 1]
 [1 1 1 1 1 1 1]
 [1 1 1 1 1 1 1]
 [1 1 1 1 1 1 1]
 [1 1 1 1 1 1 1]
 [1 1 1 1 1 1 1]]
No. of solutions so far:30
Locations of the arranged pieces[(0, 0, 3), (0, 3, 16), (0, 5, 17), (2, 0, 2), (3, 1, 28), (3, 3, 14), (4, 1, 15), (4, 4, 31), (6, 2, 27)]
------------------------------------------------------------------
Solution found with the path:{0: 3, 1: 16, 2: 17, 3: 2, 4: 28, 5: 14, 6: 18, 7: 6, 8: 31}
Board formed:
[[0 1 1 1 1 1 1]
 [1 1 1 1 1 1 1]
 [1 1 1 1 1 1 1]
 [1 1 1 1 1 1 1]
 [1 1 1 1 1 1 1]
 [1 1 1 1 1 1 1]
 [1 1 1 1 1 1 1]]
No. of solutions so far:31
Locations of the arranged pieces[(0, 0, 3), (0, 3, 16), (0, 5, 17), (2, 0, 2), (3, 1, 28), (3, 3, 14), (4, 1, 18), (5, 1, 6), (4, 4, 31)]
------------------------------------------------------------------
Solution found with the path:{0: 3, 1: 16, 2: 17, 3: 2, 4: 28, 5: 14, 6: 18, 7: 31, 8: 6}
Board formed:
[[0 1 1 1 1 1 1]
 [1 1 1 1 1 1 1]
 [1 1 1 1 1 1 1]
 [1 1 1 1 1 1 1]
 [1 1 1 1 1 1 1]
 [1 1 1 1 1 1 1]
 [1 1 1 1 1 1 1]]
No. of solutions so far:32
Locations of the arranged pieces[(0, 0, 3), (0, 3, 16), (0, 5, 17), (2, 0, 2), (3, 1, 28), (3, 3, 14), (4, 1, 18), (4, 4, 31), (5, 1, 6)]
------------------------------------------------------------------
Solution found with the path:{0: 3, 1: 16, 2: 17, 3: 2, 4: 28, 5: 14, 6: 31, 7: 6, 8: 0}
Board formed:
[[0 1 1 1 1 1 1]
 [1 1 1 1 1 1 1]
 [1 1 1 1 1 1 1]
 [1 1 1 1 1 1 1]
 [1 1 1 1 1 1 1]
 [1 1 1 1 1 1 1]
 [1 1 1 1 1 1 1]]
No. of solutions so far:33
Locations of the arranged pieces[(0, 0, 3), (0, 3, 16), (0, 5, 17), (2, 0, 2), (3, 1, 28), (3, 3, 14), (4, 4, 31), (5, 1, 6), (4, 1, 0)]
------------------------------------------------------------------
Solution found with the path:{0: 3, 1: 16, 2: 17, 3: 2, 4: 28, 5: 14, 6: 31, 7: 6, 8: 18}
Board formed:
[[0 1 1 1 1 1 1]
 [1 1 1 1 1 1 1]
 [1 1 1 1 1 1 1]
 [1 1 1 1 1 1 1]
 [1 1 1 1 1 1 1]
 [1 1 1 1 1 1 1]
 [1 1 1 1 1 1 1]]
No. of solutions so far:34
Locations of the arranged pieces[(0, 0, 3), (0, 3, 16), (0, 5, 17), (2, 0, 2), (3, 1, 28), (3, 3, 14), (4, 4, 31), (5, 1, 6), (4, 1, 18)]
------------------------------------------------------------------
Solution found with the path:{0: 3, 1: 16, 2: 17, 3: 2, 4: 28, 5: 18, 6: 14, 7: 31, 8: 15}
Board formed:
[[0 1 1 1 1 1 1]
 [1 1 1 1 1 1 1]
 [1 1 1 1 1 1 1]
 [1 1 1 1 1 1 1]
 [1 1 1 1 1 1 1]
 [1 1 1 1 1 1 1]
 [1 1 1 1 1 1 1]]
No. of solutions so far:35
Locations of the arranged pieces[(0, 0, 3), (0, 3, 16), (0, 5, 17), (2, 0, 2), (3, 1, 28), (3, 5, 18), (4, 2, 14), (4, 4, 31), (4, 1, 15)]
------------------------------------------------------------------
Solution found with the path:{0: 3, 1: 16, 2: 17, 3: 2, 4: 28, 5: 18, 6: 15, 7: 14, 8: 31}
Board formed:
[[0 1 1 1 1 1 1]
 [1 1 1 1 1 1 1]
 [1 1 1 1 1 1 1]
 [1 1 1 1 1 1 1]
 [1 1 1 1 1 1 1]
 [1 1 1 1 1 1 1]
 [1 1 1 1 1 1 1]]
No. of solutions so far:36
Locations of the arranged pieces[(0, 0, 3), (0, 3, 16), (0, 5, 17), (2, 0, 2), (3, 1, 28), (3, 5, 18), (4, 1, 15), (4, 2, 14), (4, 4, 31)]
------------------------------------------------------------------
Solution found with the path:{0: 3, 1: 16, 2: 17, 3: 19, 4: 24, 5: 31, 6: 14, 7: 0, 8: 11}
Board formed:
[[0 1 1 1 1 1 1]
 [1 1 1 1 1 1 1]
 [1 1 1 1 1 1 1]
 [1 1 1 1 1 1 1]
 [1 1 1 1 1 1 1]
 [1 1 1 1 1 1 1]
 [1 1 1 1 1 1 1]]
No. of solutions so far:37
Locations of the arranged pieces[(0, 0, 3), (0, 3, 16), (0, 5, 17), (2, 0, 19), (3, 2, 24), (3, 3, 31), (4, 0, 14), (4, 6, 0), (6, 2, 11)]
------------------------------------------------------------------
Solution found with the path:{0: 3, 1: 16, 2: 17, 3: 19, 4: 24, 5: 31, 6: 14, 7: 0, 8: 29}
Board formed:
[[0 1 1 1 1 1 1]
 [1 1 1 1 1 1 1]
 [1 1 1 1 1 1 1]
 [1 1 1 1 1 1 1]
 [1 1 1 1 1 1 1]
 [1 1 1 1 1 1 1]
 [1 1 1 1 1 1 1]]
No. of solutions so far:38
Locations of the arranged pieces[(0, 0, 3), (0, 3, 16), (0, 5, 17), (2, 0, 19), (3, 2, 24), (3, 3, 31), (4, 0, 14), (4, 6, 0), (6, 2, 29)]
------------------------------------------------------------------
Solution found with the path:{0: 3, 1: 16, 2: 17, 3: 19, 4: 24, 5: 31, 6: 14, 7: 18, 8: 11}
Board formed:
[[0 1 1 1 1 1 1]
 [1 1 1 1 1 1 1]
 [1 1 1 1 1 1 1]
 [1 1 1 1 1 1 1]
 [1 1 1 1 1 1 1]
 [1 1 1 1 1 1 1]
 [1 1 1 1 1 1 1]]
No. of solutions so far:39
Locations of the arranged pieces[(0, 0, 3), (0, 3, 16), (0, 5, 17), (2, 0, 19), (3, 2, 24), (3, 3, 31), (4, 0, 14), (4, 6, 18), (6, 2, 11)]
------------------------------------------------------------------
Solution found with the path:{0: 3, 1: 16, 2: 17, 3: 19, 4: 24, 5: 31, 6: 14, 7: 18, 8: 29}
Board formed:
[[0 1 1 1 1 1 1]
 [1 1 1 1 1 1 1]
 [1 1 1 1 1 1 1]
 [1 1 1 1 1 1 1]
 [1 1 1 1 1 1 1]
 [1 1 1 1 1 1 1]
 [1 1 1 1 1 1 1]]
No. of solutions so far:40
Locations of the arranged pieces[(0, 0, 3), (0, 3, 16), (0, 5, 17), (2, 0, 19), (3, 2, 24), (3, 3, 31), (4, 0, 14), (4, 6, 18), (6, 2, 29)]
------------------------------------------------------------------
Solution found with the path:{0: 3, 1: 16, 2: 17, 3: 20, 4: 19, 5: 24, 6: 0, 7: 14, 8: 31}
Board formed:
[[0 1 1 1 1 1 1]
 [1 1 1 1 1 1 1]
 [1 1 1 1 1 1 1]
 [1 1 1 1 1 1 1]
 [1 1 1 1 1 1 1]
 [1 1 1 1 1 1 1]
 [1 1 1 1 1 1 1]]
No. of solutions so far:41
Locations of the arranged pieces[(0, 0, 3), (0, 3, 16), (0, 5, 17), (2, 0, 20), (3, 1, 19), (3, 2, 24), (3, 5, 0), (4, 2, 14), (4, 4, 31)]
------------------------------------------------------------------
Solution found with the path:{0: 3, 1: 16, 2: 17, 3: 20, 4: 19, 5: 24, 6: 14, 7: 31, 8: 9}
Board formed:
[[0 1 1 1 1 1 1]
 [1 1 1 1 1 1 1]
 [1 1 1 1 1 1 1]
 [1 1 1 1 1 1 1]
 [1 1 1 1 1 1 1]
 [1 1 1 1 1 1 1]
 [1 1 1 1 1 1 1]]
No. of solutions so far:42
Locations of the arranged pieces[(0, 0, 3), (0, 3, 16), (0, 5, 17), (2, 0, 20), (3, 1, 19), (3, 2, 24), (3, 3, 14), (4, 4, 31), (6, 2, 9)]
------------------------------------------------------------------
Solution found with the path:{0: 3, 1: 16, 2: 17, 3: 20, 4: 19, 5: 24, 6: 14, 7: 31, 8: 27}
Board formed:
[[0 1 1 1 1 1 1]
 [1 1 1 1 1 1 1]
 [1 1 1 1 1 1 1]
 [1 1 1 1 1 1 1]
 [1 1 1 1 1 1 1]
 [1 1 1 1 1 1 1]
 [1 1 1 1 1 1 1]]
No. of solutions so far:43
Locations of the arranged pieces[(0, 0, 3), (0, 3, 16), (0, 5, 17), (2, 0, 20), (3, 1, 19), (3, 2, 24), (3, 3, 14), (4, 4, 31), (6, 2, 27)]
------------------------------------------------------------------
Solution found with the path:{0: 3, 1: 16, 2: 17, 3: 20, 4: 19, 5: 24, 6: 18, 7: 14, 8: 31}
Board formed:
[[0 1 1 1 1 1 1]
 [1 1 1 1 1 1 1]
 [1 1 1 1 1 1 1]
 [1 1 1 1 1 1 1]
 [1 1 1 1 1 1 1]
 [1 1 1 1 1 1 1]
 [1 1 1 1 1 1 1]]
No. of solutions so far:44
Locations of the arranged pieces[(0, 0, 3), (0, 3, 16), (0, 5, 17), (2, 0, 20), (3, 1, 19), (3, 2, 24), (3, 5, 18), (4, 2, 14), (4, 4, 31)]
------------------------------------------------------------------
Solution found with the path:{0: 3, 1: 16, 2: 17, 3: 20, 4: 28, 5: 0, 6: 14, 7: 31, 8: 15}
Board formed:
[[0 1 1 1 1 1 1]
 [1 1 1 1 1 1 1]
 [1 1 1 1 1 1 1]
 [1 1 1 1 1 1 1]
 [1 1 1 1 1 1 1]
 [1 1 1 1 1 1 1]
 [1 1 1 1 1 1 1]]
No. of solutions so far:45
Locations of the arranged pieces[(0, 0, 3), (0, 3, 16), (0, 5, 17), (2, 0, 20), (3, 1, 28), (3, 5, 0), (4, 2, 14), (4, 4, 31), (4, 1, 15)]
------------------------------------------------------------------
Solution found with the path:{0: 3, 1: 16, 2: 17, 3: 20, 4: 28, 5: 0, 6: 15, 7: 14, 8: 31}
Board formed:
[[0 1 1 1 1 1 1]
 [1 1 1 1 1 1 1]
 [1 1 1 1 1 1 1]
 [1 1 1 1 1 1 1]
 [1 1 1 1 1 1 1]
 [1 1 1 1 1 1 1]
 [1 1 1 1 1 1 1]]
No. of solutions so far:46
Locations of the arranged pieces[(0, 0, 3), (0, 3, 16), (0, 5, 17), (2, 0, 20), (3, 1, 28), (3, 5, 0), (4, 1, 15), (4, 2, 14), (4, 4, 31)]
------------------------------------------------------------------
Solution found with the path:{0: 3, 1: 16, 2: 17, 3: 20, 4: 28, 5: 14, 6: 0, 7: 6, 8: 31}
Board formed:
[[0 1 1 1 1 1 1]
 [1 1 1 1 1 1 1]
 [1 1 1 1 1 1 1]
 [1 1 1 1 1 1 1]
 [1 1 1 1 1 1 1]
 [1 1 1 1 1 1 1]
 [1 1 1 1 1 1 1]]
No. of solutions so far:47
Locations of the arranged pieces[(0, 0, 3), (0, 3, 16), (0, 5, 17), (2, 0, 20), (3, 1, 28), (3, 3, 14), (4, 1, 0), (5, 1, 6), (4, 4, 31)]
------------------------------------------------------------------
Solution found with the path:{0: 3, 1: 16, 2: 17, 3: 20, 4: 28, 5: 14, 6: 0, 7: 31, 8: 6}
Board formed:
[[0 1 1 1 1 1 1]
 [1 1 1 1 1 1 1]
 [1 1 1 1 1 1 1]
 [1 1 1 1 1 1 1]
 [1 1 1 1 1 1 1]
 [1 1 1 1 1 1 1]
 [1 1 1 1 1 1 1]]
No. of solutions so far:48
Locations of the arranged pieces[(0, 0, 3), (0, 3, 16), (0, 5, 17), (2, 0, 20), (3, 1, 28), (3, 3, 14), (4, 1, 0), (4, 4, 31), (5, 1, 6)]
------------------------------------------------------------------
Solution found with the path:{0: 3, 1: 16, 2: 17, 3: 20, 4: 28, 5: 14, 6: 4, 7: 0, 8: 6}
Board formed:
[[0 1 1 1 1 1 1]
 [1 1 1 1 1 1 1]
 [1 1 1 1 1 1 1]
 [1 1 1 1 1 1 1]
 [1 1 1 1 1 1 1]
 [1 1 1 1 1 1 1]
 [1 1 1 1 1 1 1]]
No. of solutions so far:49
Locations of the arranged pieces[(0, 0, 3), (0, 3, 16), (0, 5, 17), (2, 0, 20), (3, 1, 28), (3, 3, 14), (4, 1, 4), (4, 6, 0), (5, 4, 6)]
------------------------------------------------------------------
Solution found with the path:{0: 3, 1: 16, 2: 17, 3: 20, 4: 28, 5: 14, 6: 4, 7: 18, 8: 6}
Board formed:
[[0 1 1 1 1 1 1]
 [1 1 1 1 1 1 1]
 [1 1 1 1 1 1 1]
 [1 1 1 1 1 1 1]
 [1 1 1 1 1 1 1]
 [1 1 1 1 1 1 1]
 [1 1 1 1 1 1 1]]
No. of solutions so far:50
Locations of the arranged pieces[(0, 0, 3), (0, 3, 16), (0, 5, 17), (2, 0, 20), (3, 1, 28), (3, 3, 14), (4, 1, 4), (4, 6, 18), (5, 4, 6)]
------------------------------------------------------------------
Solution found with the path:{0: 3, 1: 16, 2: 17, 3: 20, 4: 28, 5: 14, 6: 4, 7: 33, 8: 9}
Board formed:
[[0 1 1 1 1 1 1]
 [1 1 1 1 1 1 1]
 [1 1 1 1 1 1 1]
 [1 1 1 1 1 1 1]
 [1 1 1 1 1 1 1]
 [1 1 1 1 1 1 1]
 [1 1 1 1 1 1 1]]
No. of solutions so far:51
Locations of the arranged pieces[(0, 0, 3), (0, 3, 16), (0, 5, 17), (2, 0, 20), (3, 1, 28), (3, 3, 14), (4, 1, 4), (4, 5, 33), (6, 4, 9)]
------------------------------------------------------------------
Solution found with the path:{0: 3, 1: 16, 2: 17, 3: 20, 4: 28, 5: 14, 6: 4, 7: 33, 8: 27}
Board formed:
[[0 1 1 1 1 1 1]
 [1 1 1 1 1 1 1]
 [1 1 1 1 1 1 1]
 [1 1 1 1 1 1 1]
 [1 1 1 1 1 1 1]
 [1 1 1 1 1 1 1]
 [1 1 1 1 1 1 1]]
No. of solutions so far:52
Locations of the arranged pieces[(0, 0, 3), (0, 3, 16), (0, 5, 17), (2, 0, 20), (3, 1, 28), (3, 3, 14), (4, 1, 4), (4, 5, 33), (6, 4, 27)]
------------------------------------------------------------------
Solution found with the path:{0: 3, 1: 16, 2: 17, 3: 20, 4: 28, 5: 14, 6: 15, 7: 31, 8: 9}
Board formed:
[[0 1 1 1 1 1 1]
 [1 1 1 1 1 1 1]
 [1 1 1 1 1 1 1]
 [1 1 1 1 1 1 1]
 [1 1 1 1 1 1 1]
 [1 1 1 1 1 1 1]
 [1 1 1 1 1 1 1]]
No. of solutions so far:53
Locations of the arranged pieces[(0, 0, 3), (0, 3, 16), (0, 5, 17), (2, 0, 20), (3, 1, 28), (3, 3, 14), (4, 1, 15), (4, 4, 31), (6, 2, 9)]
------------------------------------------------------------------
Solution found with the path:{0: 3, 1: 16, 2: 17, 3: 20, 4: 28, 5: 14, 6: 15, 7: 31, 8: 27}
Board formed:
[[0 1 1 1 1 1 1]
 [1 1 1 1 1 1 1]
 [1 1 1 1 1 1 1]
 [1 1 1 1 1 1 1]
 [1 1 1 1 1 1 1]
 [1 1 1 1 1 1 1]
 [1 1 1 1 1 1 1]]
No. of solutions so far:54
Locations of the arranged pieces[(0, 0, 3), (0, 3, 16), (0, 5, 17), (2, 0, 20), (3, 1, 28), (3, 3, 14), (4, 1, 15), (4, 4, 31), (6, 2, 27)]
------------------------------------------------------------------
Solution found with the path:{0: 3, 1: 16, 2: 17, 3: 20, 4: 28, 5: 14, 6: 18, 7: 6, 8: 31}
Board formed:
[[0 1 1 1 1 1 1]
 [1 1 1 1 1 1 1]
 [1 1 1 1 1 1 1]
 [1 1 1 1 1 1 1]
 [1 1 1 1 1 1 1]
 [1 1 1 1 1 1 1]
 [1 1 1 1 1 1 1]]
No. of solutions so far:55
Locations of the arranged pieces[(0, 0, 3), (0, 3, 16), (0, 5, 17), (2, 0, 20), (3, 1, 28), (3, 3, 14), (4, 1, 18), (5, 1, 6), (4, 4, 31)]
------------------------------------------------------------------
Solution found with the path:{0: 3, 1: 16, 2: 17, 3: 20, 4: 28, 5: 14, 6: 18, 7: 31, 8: 6}
Board formed:
[[0 1 1 1 1 1 1]
 [1 1 1 1 1 1 1]
 [1 1 1 1 1 1 1]
 [1 1 1 1 1 1 1]
 [1 1 1 1 1 1 1]
 [1 1 1 1 1 1 1]
 [1 1 1 1 1 1 1]]
No. of solutions so far:56
Locations of the arranged pieces[(0, 0, 3), (0, 3, 16), (0, 5, 17), (2, 0, 20), (3, 1, 28), (3, 3, 14), (4, 1, 18), (4, 4, 31), (5, 1, 6)]
------------------------------------------------------------------
Solution found with the path:{0: 3, 1: 16, 2: 17, 3: 20, 4: 28, 5: 14, 6: 31, 7: 6, 8: 0}
Board formed:
[[0 1 1 1 1 1 1]
 [1 1 1 1 1 1 1]
 [1 1 1 1 1 1 1]
 [1 1 1 1 1 1 1]
 [1 1 1 1 1 1 1]
 [1 1 1 1 1 1 1]
 [1 1 1 1 1 1 1]]
No. of solutions so far:57
Locations of the arranged pieces[(0, 0, 3), (0, 3, 16), (0, 5, 17), (2, 0, 20), (3, 1, 28), (3, 3, 14), (4, 4, 31), (5, 1, 6), (4, 1, 0)]
------------------------------------------------------------------
Solution found with the path:{0: 3, 1: 16, 2: 17, 3: 20, 4: 28, 5: 14, 6: 31, 7: 6, 8: 18}
Board formed:
[[0 1 1 1 1 1 1]
 [1 1 1 1 1 1 1]
 [1 1 1 1 1 1 1]
 [1 1 1 1 1 1 1]
 [1 1 1 1 1 1 1]
 [1 1 1 1 1 1 1]
 [1 1 1 1 1 1 1]]
No. of solutions so far:58
Locations of the arranged pieces[(0, 0, 3), (0, 3, 16), (0, 5, 17), (2, 0, 20), (3, 1, 28), (3, 3, 14), (4, 4, 31), (5, 1, 6), (4, 1, 18)]
------------------------------------------------------------------
Solution found with the path:{0: 3, 1: 16, 2: 17, 3: 20, 4: 28, 5: 18, 6: 14, 7: 31, 8: 15}
Board formed:
[[0 1 1 1 1 1 1]
 [1 1 1 1 1 1 1]
 [1 1 1 1 1 1 1]
 [1 1 1 1 1 1 1]
 [1 1 1 1 1 1 1]
 [1 1 1 1 1 1 1]
 [1 1 1 1 1 1 1]]
No. of solutions so far:59
Locations of the arranged pieces[(0, 0, 3), (0, 3, 16), (0, 5, 17), (2, 0, 20), (3, 1, 28), (3, 5, 18), (4, 2, 14), (4, 4, 31), (4, 1, 15)]
------------------------------------------------------------------
Solution found with the path:{0: 3, 1: 16, 2: 17, 3: 20, 4: 28, 5: 18, 6: 15, 7: 14, 8: 31}
Board formed:
[[0 1 1 1 1 1 1]
 [1 1 1 1 1 1 1]
 [1 1 1 1 1 1 1]
 [1 1 1 1 1 1 1]
 [1 1 1 1 1 1 1]
 [1 1 1 1 1 1 1]
 [1 1 1 1 1 1 1]]
No. of solutions so far:60
Locations of the arranged pieces[(0, 0, 3), (0, 3, 16), (0, 5, 17), (2, 0, 20), (3, 1, 28), (3, 5, 18), (4, 1, 15), (4, 2, 14), (4, 4, 31)]
------------------------------------------------------------------
Solution found with the path:{0: 3, 1: 18, 2: 13, 3: 1, 4: 2, 5: 8, 6: 7, 7: 5, 8: 6}
Board formed:
[[0 1 1 1 1 1 1]
 [1 1 1 1 1 1 1]
 [1 1 1 1 1 1 1]
 [1 1 1 1 1 1 1]
 [1 1 1 1 1 1 1]
 [1 1 1 1 1 1 1]
 [1 1 1 1 1 1 1]]
No. of solutions so far:61
Locations of the arranged pieces[(0, 0, 3), (0, 3, 18), (0, 4, 13), (1, 5, 1), (2, 0, 2), (3, 1, 8), (4, 1, 7), (4, 4, 5), (5, 3, 6)]
------------------------------------------------------------------
Solution found with the path:{0: 3, 1: 18, 2: 13, 3: 1, 4: 20, 5: 8, 6: 7, 7: 5, 8: 6}
Board formed:
[[0 1 1 1 1 1 1]
 [1 1 1 1 1 1 1]
 [1 1 1 1 1 1 1]
 [1 1 1 1 1 1 1]
 [1 1 1 1 1 1 1]
 [1 1 1 1 1 1 1]
 [1 1 1 1 1 1 1]]
No. of solutions so far:62
Locations of the arranged pieces[(0, 0, 3), (0, 3, 18), (0, 4, 13), (1, 5, 1), (2, 0, 20), (3, 1, 8), (4, 1, 7), (4, 4, 5), (5, 3, 6)]
------------------------------------------------------------------
Solution found with the path:{0: 3, 1: 18, 2: 16, 3: 2, 4: 15, 5: 17, 6: 13, 7: 14, 8: 10}
Board formed:
[[0 1 1 1 1 1 1]
 [1 1 1 1 1 1 1]
 [1 1 1 1 1 1 1]
 [1 1 1 1 1 1 1]
 [1 1 1 1 1 1 1]
 [1 1 1 1 1 1 1]
 [1 1 1 1 1 1 1]]
No. of solutions so far:63
Locations of the arranged pieces[(0, 0, 3), (0, 3, 18), (0, 4, 16), (2, 0, 2), (2, 4, 15), (2, 5, 17), (3, 1, 13), (4, 1, 14), (5, 3, 10)]
------------------------------------------------------------------
Solution found with the path:{0: 3, 1: 18, 2: 16, 3: 20, 4: 15, 5: 17, 6: 13, 7: 14, 8: 10}
Board formed:
[[0 1 1 1 1 1 1]
 [1 1 1 1 1 1 1]
 [1 1 1 1 1 1 1]
 [1 1 1 1 1 1 1]
 [1 1 1 1 1 1 1]
 [1 1 1 1 1 1 1]
 [1 1 1 1 1 1 1]]
No. of solutions so far:64
Locations of the arranged pieces[(0, 0, 3), (0, 3, 18), (0, 4, 16), (2, 0, 20), (2, 4, 15), (2, 5, 17), (3, 1, 13), (4, 1, 14), (5, 3, 10)]
------------------------------------------------------------------
Solution found with the path:{0: 3, 1: 18, 2: 24, 3: 17, 4: 1, 5: 2, 6: 5, 7: 4, 8: 34}
Board formed:
[[0 1 1 1 1 1 1]
 [1 1 1 1 1 1 1]
 [1 1 1 1 1 1 1]
 [1 1 1 1 1 1 1]
 [1 1 1 1 1 1 1]
 [1 1 1 1 1 1 1]
 [1 1 1 1 1 1 1]]
No. of solutions so far:65
Locations of the arranged pieces[(0, 0, 3), (0, 3, 18), (0, 4, 24), (1, 3, 17), (1, 5, 1), (2, 0, 2), (3, 1, 5), (4, 1, 4), (4, 4, 34)]
------------------------------------------------------------------
Solution found with the path:{0: 3, 1: 18, 2: 24, 3: 17, 4: 1, 5: 2, 6: 5, 7: 34, 8: 4}
Board formed:
[[0 1 1 1 1 1 1]
 [1 1 1 1 1 1 1]
 [1 1 1 1 1 1 1]
 [1 1 1 1 1 1 1]
 [1 1 1 1 1 1 1]
 [1 1 1 1 1 1 1]
 [1 1 1 1 1 1 1]]
No. of solutions so far:66
Locations of the arranged pieces[(0, 0, 3), (0, 3, 18), (0, 4, 24), (1, 3, 17), (1, 5, 1), (2, 0, 2), (3, 1, 5), (4, 4, 34), (4, 1, 4)]
------------------------------------------------------------------
Solution found with the path:{0: 3, 1: 18, 2: 24, 3: 17, 4: 1, 5: 20, 6: 5, 7: 4, 8: 34}
Board formed:
[[0 1 1 1 1 1 1]
 [1 1 1 1 1 1 1]
 [1 1 1 1 1 1 1]
 [1 1 1 1 1 1 1]
 [1 1 1 1 1 1 1]
 [1 1 1 1 1 1 1]
 [1 1 1 1 1 1 1]]
No. of solutions so far:67
Locations of the arranged pieces[(0, 0, 3), (0, 3, 18), (0, 4, 24), (1, 3, 17), (1, 5, 1), (2, 0, 20), (3, 1, 5), (4, 1, 4), (4, 4, 34)]
------------------------------------------------------------------
Solution found with the path:{0: 3, 1: 18, 2: 24, 3: 17, 4: 1, 5: 20, 6: 5, 7: 34, 8: 4}
Board formed:
[[0 1 1 1 1 1 1]
 [1 1 1 1 1 1 1]
 [1 1 1 1 1 1 1]
 [1 1 1 1 1 1 1]
 [1 1 1 1 1 1 1]
 [1 1 1 1 1 1 1]
 [1 1 1 1 1 1 1]]
No. of solutions so far:68
Locations of the arranged pieces[(0, 0, 3), (0, 3, 18), (0, 4, 24), (1, 3, 17), (1, 5, 1), (2, 0, 20), (3, 1, 5), (4, 4, 34), (4, 1, 4)]
------------------------------------------------------------------
Solution found with the path:{0: 3, 1: 23, 2: 22, 3: 19, 4: 24, 5: 25, 6: 26, 7: 9, 8: 11}
Board formed:
[[0 1 1 1 1 1 1]
 [1 1 1 1 1 1 1]
 [1 1 1 1 1 1 1]
 [1 1 1 1 1 1 1]
 [1 1 1 1 1 1 1]
 [1 1 1 1 1 1 1]
 [1 1 1 1 1 1 1]]
No. of solutions so far:69
Locations of the arranged pieces[(0, 0, 3), (0, 3, 23), (0, 4, 22), (2, 0, 19), (3, 2, 24), (3, 4, 25), (4, 1, 26), (6, 0, 9), (6, 2, 11)]
------------------------------------------------------------------
Solution found with the path:{0: 3, 1: 23, 2: 22, 3: 19, 4: 24, 5: 25, 6: 26, 7: 9, 8: 29}
Board formed:
[[0 1 1 1 1 1 1]
 [1 1 1 1 1 1 1]
 [1 1 1 1 1 1 1]
 [1 1 1 1 1 1 1]
 [1 1 1 1 1 1 1]
 [1 1 1 1 1 1 1]
 [1 1 1 1 1 1 1]]
No. of solutions so far:70
Locations of the arranged pieces[(0, 0, 3), (0, 3, 23), (0, 4, 22), (2, 0, 19), (3, 2, 24), (3, 4, 25), (4, 1, 26), (6, 0, 9), (6, 2, 29)]
------------------------------------------------------------------
Solution found with the path:{0: 3, 1: 23, 2: 22, 3: 19, 4: 24, 5: 25, 6: 26, 7: 11, 8: 9}
Board formed:
[[0 1 1 1 1 1 1]
 [1 1 1 1 1 1 1]
 [1 1 1 1 1 1 1]
 [1 1 1 1 1 1 1]
 [1 1 1 1 1 1 1]
 [1 1 1 1 1 1 1]
 [1 1 1 1 1 1 1]]
No. of solutions so far:71
Locations of the arranged pieces[(0, 0, 3), (0, 3, 23), (0, 4, 22), (2, 0, 19), (3, 2, 24), (3, 4, 25), (4, 1, 26), (6, 0, 11), (6, 5, 9)]
------------------------------------------------------------------
Solution found with the path:{0: 3, 1: 23, 2: 22, 3: 19, 4: 24, 5: 25, 6: 26, 7: 11, 8: 27}
Board formed:
[[0 1 1 1 1 1 1]
 [1 1 1 1 1 1 1]
 [1 1 1 1 1 1 1]
 [1 1 1 1 1 1 1]
 [1 1 1 1 1 1 1]
 [1 1 1 1 1 1 1]
 [1 1 1 1 1 1 1]]
No. of solutions so far:72
Locations of the arranged pieces[(0, 0, 3), (0, 3, 23), (0, 4, 22), (2, 0, 19), (3, 2, 24), (3, 4, 25), (4, 1, 26), (6, 0, 11), (6, 5, 27)]
------------------------------------------------------------------
Solution found with the path:{0: 3, 1: 23, 2: 22, 3: 19, 4: 24, 5: 25, 6: 26, 7: 27, 8: 11}
Board formed:
[[0 1 1 1 1 1 1]
 [1 1 1 1 1 1 1]
 [1 1 1 1 1 1 1]
 [1 1 1 1 1 1 1]
 [1 1 1 1 1 1 1]
 [1 1 1 1 1 1 1]
 [1 1 1 1 1 1 1]]
No. of solutions so far:73
Locations of the arranged pieces[(0, 0, 3), (0, 3, 23), (0, 4, 22), (2, 0, 19), (3, 2, 24), (3, 4, 25), (4, 1, 26), (6, 0, 27), (6, 2, 11)]
------------------------------------------------------------------
Solution found with the path:{0: 3, 1: 23, 2: 22, 3: 19, 4: 24, 5: 25, 6: 26, 7: 27, 8: 29}
Board formed:
[[0 1 1 1 1 1 1]
 [1 1 1 1 1 1 1]
 [1 1 1 1 1 1 1]
 [1 1 1 1 1 1 1]
 [1 1 1 1 1 1 1]
 [1 1 1 1 1 1 1]
 [1 1 1 1 1 1 1]]
No. of solutions so far:74
Locations of the arranged pieces[(0, 0, 3), (0, 3, 23), (0, 4, 22), (2, 0, 19), (3, 2, 24), (3, 4, 25), (4, 1, 26), (6, 0, 27), (6, 2, 29)]
------------------------------------------------------------------
Solution found with the path:{0: 3, 1: 23, 2: 22, 3: 19, 4: 24, 5: 25, 6: 26, 7: 29, 8: 9}
Board formed:
[[0 1 1 1 1 1 1]
 [1 1 1 1 1 1 1]
 [1 1 1 1 1 1 1]
 [1 1 1 1 1 1 1]
 [1 1 1 1 1 1 1]
 [1 1 1 1 1 1 1]
 [1 1 1 1 1 1 1]]
No. of solutions so far:75
Locations of the arranged pieces[(0, 0, 3), (0, 3, 23), (0, 4, 22), (2, 0, 19), (3, 2, 24), (3, 4, 25), (4, 1, 26), (6, 0, 29), (6, 5, 9)]
------------------------------------------------------------------
Solution found with the path:{0: 3, 1: 23, 2: 22, 3: 19, 4: 24, 5: 25, 6: 26, 7: 29, 8: 27}
Board formed:
[[0 1 1 1 1 1 1]
 [1 1 1 1 1 1 1]
 [1 1 1 1 1 1 1]
 [1 1 1 1 1 1 1]
 [1 1 1 1 1 1 1]
 [1 1 1 1 1 1 1]
 [1 1 1 1 1 1 1]]
No. of solutions so far:76
Locations of the arranged pieces[(0, 0, 3), (0, 3, 23), (0, 4, 22), (2, 0, 19), (3, 2, 24), (3, 4, 25), (4, 1, 26), (6, 0, 29), (6, 5, 27)]
------------------------------------------------------------------
Solution found with the path:{0: 3, 1: 23, 2: 22, 3: 35, 4: 11, 5: 28, 6: 25, 7: 6, 8: 9}
Board formed:
[[0 1 1 1 1 1 1]
 [1 1 1 1 1 1 1]
 [1 1 1 1 1 1 1]
 [1 1 1 1 1 1 1]
 [1 1 1 1 1 1 1]
 [1 1 1 1 1 1 1]
 [1 1 1 1 1 1 1]]
No. of solutions so far:77
Locations of the arranged pieces[(0, 0, 3), (0, 3, 23), (0, 4, 22), (2, 0, 35), (3, 2, 11), (4, 1, 28), (4, 4, 25), (5, 0, 6), (6, 3, 9)]
------------------------------------------------------------------
Solution found with the path:{0: 3, 1: 23, 2: 22, 3: 35, 4: 11, 5: 28, 6: 25, 7: 6, 8: 27}
Board formed:
[[0 1 1 1 1 1 1]
 [1 1 1 1 1 1 1]
 [1 1 1 1 1 1 1]
 [1 1 1 1 1 1 1]
 [1 1 1 1 1 1 1]
 [1 1 1 1 1 1 1]
 [1 1 1 1 1 1 1]]
No. of solutions so far:78
Locations of the arranged pieces[(0, 0, 3), (0, 3, 23), (0, 4, 22), (2, 0, 35), (3, 2, 11), (4, 1, 28), (4, 4, 25), (5, 0, 6), (6, 3, 27)]
------------------------------------------------------------------
Solution found with the path:{0: 3, 1: 23, 2: 22, 3: 35, 4: 29, 5: 28, 6: 25, 7: 6, 8: 9}
Board formed:
[[0 1 1 1 1 1 1]
 [1 1 1 1 1 1 1]
 [1 1 1 1 1 1 1]
 [1 1 1 1 1 1 1]
 [1 1 1 1 1 1 1]
 [1 1 1 1 1 1 1]
 [1 1 1 1 1 1 1]]
No. of solutions so far:79
Locations of the arranged pieces[(0, 0, 3), (0, 3, 23), (0, 4, 22), (2, 0, 35), (3, 2, 29), (4, 1, 28), (4, 4, 25), (5, 0, 6), (6, 3, 9)]
------------------------------------------------------------------
Solution found with the path:{0: 3, 1: 23, 2: 22, 3: 35, 4: 29, 5: 28, 6: 25, 7: 6, 8: 27}
Board formed:
[[0 1 1 1 1 1 1]
 [1 1 1 1 1 1 1]
 [1 1 1 1 1 1 1]
 [1 1 1 1 1 1 1]
 [1 1 1 1 1 1 1]
 [1 1 1 1 1 1 1]
 [1 1 1 1 1 1 1]]
No. of solutions so far:80
Locations of the arranged pieces[(0, 0, 3), (0, 3, 23), (0, 4, 22), (2, 0, 35), (3, 2, 29), (4, 1, 28), (4, 4, 25), (5, 0, 6), (6, 3, 27)]
------------------------------------------------------------------
Solution found with the path:{0: 3, 1: 23, 2: 24, 3: 17, 4: 2, 5: 28, 6: 4, 7: 25, 8: 0}
Board formed:
[[0 1 1 1 1 1 1]
 [1 1 1 1 1 1 1]
 [1 1 1 1 1 1 1]
 [1 1 1 1 1 1 1]
 [1 1 1 1 1 1 1]
 [1 1 1 1 1 1 1]
 [1 1 1 1 1 1 1]]
No. of solutions so far:81
Locations of the arranged pieces[(0, 0, 3), (0, 3, 23), (0, 4, 24), (1, 5, 17), (2, 0, 2), (3, 1, 28), (4, 1, 4), (4, 3, 25), (5, 6, 0)]
------------------------------------------------------------------
Solution found with the path:{0: 3, 1: 23, 2: 24, 3: 17, 4: 2, 5: 28, 6: 4, 7: 25, 8: 18}
Board formed:
[[0 1 1 1 1 1 1]
 [1 1 1 1 1 1 1]
 [1 1 1 1 1 1 1]
 [1 1 1 1 1 1 1]
 [1 1 1 1 1 1 1]
 [1 1 1 1 1 1 1]
 [1 1 1 1 1 1 1]]
No. of solutions so far:82
Locations of the arranged pieces[(0, 0, 3), (0, 3, 23), (0, 4, 24), (1, 5, 17), (2, 0, 2), (3, 1, 28), (4, 1, 4), (4, 3, 25), (5, 6, 18)]
------------------------------------------------------------------
Solution found with the path:{0: 3, 1: 23, 2: 24, 3: 17, 4: 20, 5: 28, 6: 4, 7: 25, 8: 0}
Board formed:
[[0 1 1 1 1 1 1]
 [1 1 1 1 1 1 1]
 [1 1 1 1 1 1 1]
 [1 1 1 1 1 1 1]
 [1 1 1 1 1 1 1]
 [1 1 1 1 1 1 1]
 [1 1 1 1 1 1 1]]
No. of solutions so far:83
Locations of the arranged pieces[(0, 0, 3), (0, 3, 23), (0, 4, 24), (1, 5, 17), (2, 0, 20), (3, 1, 28), (4, 1, 4), (4, 3, 25), (5, 6, 0)]
------------------------------------------------------------------
Solution found with the path:{0: 3, 1: 23, 2: 24, 3: 17, 4: 20, 5: 28, 6: 4, 7: 25, 8: 18}
Board formed:
[[0 1 1 1 1 1 1]
 [1 1 1 1 1 1 1]
 [1 1 1 1 1 1 1]
 [1 1 1 1 1 1 1]
 [1 1 1 1 1 1 1]
 [1 1 1 1 1 1 1]
 [1 1 1 1 1 1 1]]
No. of solutions so far:84
Locations of the arranged pieces[(0, 0, 3), (0, 3, 23), (0, 4, 24), (1, 5, 17), (2, 0, 20), (3, 1, 28), (4, 1, 4), (4, 3, 25), (5, 6, 18)]
------------------------------------------------------------------
