Solution found with the path:{0: 10, 1: 8, 2: 12, 3: 2, 4: 13, 5: 0, 6: 34, 7: 32, 8: 6}
Board formed:
[[0 1 1 1 1 1 1]
 [1 1 1 1 1 1 1]
 [1 1 1 1 1 1 1]
 [1 1 1 1 1 1 1]
 [1 1 1 1 1 1 1]
 [1 1 1 1 1 1 1]
 [1 1 1 1 1 1 1]]
No. of solutions so far:1
Locations of the arranged pieces[(0, 0, 10), (0, 3, 8), (1, 3, 12), (1, 6, 2), (2, 0, 13), (3, 2, 0), (4, 0, 34), (4, 3, 32), (5, 4, 6)]
------------------------------------------------------------------
Solution found with the path:{0: 10, 1: 8, 2: 12, 3: 2, 4: 13, 5: 18, 6: 34, 7: 32, 8: 6}
Board formed:
[[0 1 1 1 1 1 1]
 [1 1 1 1 1 1 1]
 [1 1 1 1 1 1 1]
 [1 1 1 1 1 1 1]
 [1 1 1 1 1 1 1]
 [1 1 1 1 1 1 1]
 [1 1 1 1 1 1 1]]
No. of solutions so far:2
Locations of the arranged pieces[(0, 0, 10), (0, 3, 8), (1, 3, 12), (1, 6, 2), (2, 0, 13), (3, 2, 18), (4, 0, 34), (4, 3, 32), (5, 4, 6)]
------------------------------------------------------------------
Solution found with the path:{0: 10, 1: 8, 2: 12, 3: 2, 4: 16, 5: 0, 6: 31, 7: 32, 8: 6}
Board formed:
[[0 1 1 1 1 1 1]
 [1 1 1 1 1 1 1]
 [1 1 1 1 1 1 1]
 [1 1 1 1 1 1 1]
 [1 1 1 1 1 1 1]
 [1 1 1 1 1 1 1]
 [1 1 1 1 1 1 1]]
No. of solutions so far:3
Locations of the arranged pieces[(0, 0, 10), (0, 3, 8), (1, 3, 12), (1, 6, 2), (2, 0, 16), (4, 0, 0), (4, 0, 31), (4, 3, 32), (5, 4, 6)]
------------------------------------------------------------------
Solution found with the path:{0: 10, 1: 8, 2: 12, 3: 2, 4: 16, 5: 4, 6: 0, 7: 32, 8: 6}
Board formed:
[[0 1 1 1 1 1 1]
 [1 1 1 1 1 1 1]
 [1 1 1 1 1 1 1]
 [1 1 1 1 1 1 1]
 [1 1 1 1 1 1 1]
 [1 1 1 1 1 1 1]
 [1 1 1 1 1 1 1]]
No. of solutions so far:4
Locations of the arranged pieces[(0, 0, 10), (0, 3, 8), (1, 3, 12), (1, 6, 2), (2, 0, 16), (4, 0, 4), (4, 2, 0), (4, 3, 32), (5, 4, 6)]
------------------------------------------------------------------
Solution found with the path:{0: 10, 1: 8, 2: 12, 3: 2, 4: 16, 5: 4, 6: 18, 7: 32, 8: 6}
Board formed:
[[0 1 1 1 1 1 1]
 [1 1 1 1 1 1 1]
 [1 1 1 1 1 1 1]
 [1 1 1 1 1 1 1]
 [1 1 1 1 1 1 1]
 [1 1 1 1 1 1 1]
 [1 1 1 1 1 1 1]]
No. of solutions so far:5
Locations of the arranged pieces[(0, 0, 10), (0, 3, 8), (1, 3, 12), (1, 6, 2), (2, 0, 16), (4, 0, 4), (4, 2, 18), (4, 3, 32), (5, 4, 6)]
------------------------------------------------------------------
Solution found with the path:{0: 10, 1: 8, 2: 12, 3: 2, 4: 16, 5: 18, 6: 31, 7: 32, 8: 6}
Board formed:
[[0 1 1 1 1 1 1]
 [1 1 1 1 1 1 1]
 [1 1 1 1 1 1 1]
 [1 1 1 1 1 1 1]
 [1 1 1 1 1 1 1]
 [1 1 1 1 1 1 1]
 [1 1 1 1 1 1 1]]
No. of solutions so far:6
Locations of the arranged pieces[(0, 0, 10), (0, 3, 8), (1, 3, 12), (1, 6, 2), (2, 0, 16), (4, 0, 18), (4, 0, 31), (4, 3, 32), (5, 4, 6)]
------------------------------------------------------------------
Solution found with the path:{0: 10, 1: 8, 2: 12, 3: 2, 4: 22, 5: 0, 6: 34, 7: 32, 8: 6}
Board formed:
[[0 1 1 1 1 1 1]
 [1 1 1 1 1 1 1]
 [1 1 1 1 1 1 1]
 [1 1 1 1 1 1 1]
 [1 1 1 1 1 1 1]
 [1 1 1 1 1 1 1]
 [1 1 1 1 1 1 1]]
No. of solutions so far:7
Locations of the arranged pieces[(0, 0, 10), (0, 3, 8), (1, 3, 12), (1, 6, 2), (2, 0, 22), (3, 0, 0), (4, 0, 34), (4, 3, 32), (5, 4, 6)]
------------------------------------------------------------------
Solution found with the path:{0: 10, 1: 8, 2: 12, 3: 2, 4: 22, 5: 18, 6: 34, 7: 32, 8: 6}
Board formed:
[[0 1 1 1 1 1 1]
 [1 1 1 1 1 1 1]
 [1 1 1 1 1 1 1]
 [1 1 1 1 1 1 1]
 [1 1 1 1 1 1 1]
 [1 1 1 1 1 1 1]
 [1 1 1 1 1 1 1]]
No. of solutions so far:8
Locations of the arranged pieces[(0, 0, 10), (0, 3, 8), (1, 3, 12), (1, 6, 2), (2, 0, 22), (3, 0, 18), (4, 0, 34), (4, 3, 32), (5, 4, 6)]
------------------------------------------------------------------
Solution found with the path:{0: 10, 1: 8, 2: 12, 3: 20, 4: 13, 5: 0, 6: 34, 7: 32, 8: 6}
Board formed:
[[0 1 1 1 1 1 1]
 [1 1 1 1 1 1 1]
 [1 1 1 1 1 1 1]
 [1 1 1 1 1 1 1]
 [1 1 1 1 1 1 1]
 [1 1 1 1 1 1 1]
 [1 1 1 1 1 1 1]]
No. of solutions so far:9
Locations of the arranged pieces[(0, 0, 10), (0, 3, 8), (1, 3, 12), (1, 6, 20), (2, 0, 13), (3, 2, 0), (4, 0, 34), (4, 3, 32), (5, 4, 6)]
------------------------------------------------------------------
Solution found with the path:{0: 10, 1: 8, 2: 12, 3: 20, 4: 13, 5: 18, 6: 34, 7: 32, 8: 6}
Board formed:
[[0 1 1 1 1 1 1]
 [1 1 1 1 1 1 1]
 [1 1 1 1 1 1 1]
 [1 1 1 1 1 1 1]
 [1 1 1 1 1 1 1]
 [1 1 1 1 1 1 1]
 [1 1 1 1 1 1 1]]
No. of solutions so far:10
Locations of the arranged pieces[(0, 0, 10), (0, 3, 8), (1, 3, 12), (1, 6, 20), (2, 0, 13), (3, 2, 18), (4, 0, 34), (4, 3, 32), (5, 4, 6)]
------------------------------------------------------------------
Solution found with the path:{0: 10, 1: 8, 2: 12, 3: 20, 4: 16, 5: 0, 6: 31, 7: 32, 8: 6}
Board formed:
[[0 1 1 1 1 1 1]
 [1 1 1 1 1 1 1]
 [1 1 1 1 1 1 1]
 [1 1 1 1 1 1 1]
 [1 1 1 1 1 1 1]
 [1 1 1 1 1 1 1]
 [1 1 1 1 1 1 1]]
No. of solutions so far:11
Locations of the arranged pieces[(0, 0, 10), (0, 3, 8), (1, 3, 12), (1, 6, 20), (2, 0, 16), (4, 0, 0), (4, 0, 31), (4, 3, 32), (5, 4, 6)]
------------------------------------------------------------------
Solution found with the path:{0: 10, 1: 8, 2: 12, 3: 20, 4: 16, 5: 4, 6: 0, 7: 32, 8: 6}
Board formed:
[[0 1 1 1 1 1 1]
 [1 1 1 1 1 1 1]
 [1 1 1 1 1 1 1]
 [1 1 1 1 1 1 1]
 [1 1 1 1 1 1 1]
 [1 1 1 1 1 1 1]
 [1 1 1 1 1 1 1]]
No. of solutions so far:12
Locations of the arranged pieces[(0, 0, 10), (0, 3, 8), (1, 3, 12), (1, 6, 20), (2, 0, 16), (4, 0, 4), (4, 2, 0), (4, 3, 32), (5, 4, 6)]
------------------------------------------------------------------
Solution found with the path:{0: 10, 1: 8, 2: 12, 3: 20, 4: 16, 5: 4, 6: 18, 7: 32, 8: 6}
Board formed:
[[0 1 1 1 1 1 1]
 [1 1 1 1 1 1 1]
 [1 1 1 1 1 1 1]
 [1 1 1 1 1 1 1]
 [1 1 1 1 1 1 1]
 [1 1 1 1 1 1 1]
 [1 1 1 1 1 1 1]]
No. of solutions so far:13
Locations of the arranged pieces[(0, 0, 10), (0, 3, 8), (1, 3, 12), (1, 6, 20), (2, 0, 16), (4, 0, 4), (4, 2, 18), (4, 3, 32), (5, 4, 6)]
------------------------------------------------------------------
Solution found with the path:{0: 10, 1: 8, 2: 12, 3: 20, 4: 16, 5: 18, 6: 31, 7: 32, 8: 6}
Board formed:
[[0 1 1 1 1 1 1]
 [1 1 1 1 1 1 1]
 [1 1 1 1 1 1 1]
 [1 1 1 1 1 1 1]
 [1 1 1 1 1 1 1]
 [1 1 1 1 1 1 1]
 [1 1 1 1 1 1 1]]
No. of solutions so far:14
Locations of the arranged pieces[(0, 0, 10), (0, 3, 8), (1, 3, 12), (1, 6, 20), (2, 0, 16), (4, 0, 18), (4, 0, 31), (4, 3, 32), (5, 4, 6)]
------------------------------------------------------------------
Solution found with the path:{0: 10, 1: 8, 2: 12, 3: 20, 4: 22, 5: 0, 6: 34, 7: 32, 8: 6}
Board formed:
[[0 1 1 1 1 1 1]
 [1 1 1 1 1 1 1]
 [1 1 1 1 1 1 1]
 [1 1 1 1 1 1 1]
 [1 1 1 1 1 1 1]
 [1 1 1 1 1 1 1]
 [1 1 1 1 1 1 1]]
No. of solutions so far:15
Locations of the arranged pieces[(0, 0, 10), (0, 3, 8), (1, 3, 12), (1, 6, 20), (2, 0, 22), (3, 0, 0), (4, 0, 34), (4, 3, 32), (5, 4, 6)]
------------------------------------------------------------------
Solution found with the path:{0: 10, 1: 8, 2: 12, 3: 20, 4: 22, 5: 18, 6: 34, 7: 32, 8: 6}
Board formed:
[[0 1 1 1 1 1 1]
 [1 1 1 1 1 1 1]
 [1 1 1 1 1 1 1]
 [1 1 1 1 1 1 1]
 [1 1 1 1 1 1 1]
 [1 1 1 1 1 1 1]
 [1 1 1 1 1 1 1]]
No. of solutions so far:16
Locations of the arranged pieces[(0, 0, 10), (0, 3, 8), (1, 3, 12), (1, 6, 20), (2, 0, 22), (3, 0, 18), (4, 0, 34), (4, 3, 32), (5, 4, 6)]
------------------------------------------------------------------
Solution found with the path:{0: 10, 1: 8, 2: 14, 3: 2, 4: 13, 5: 33, 6: 34, 7: 21, 8: 9}
Board formed:
[[0 1 1 1 1 1 1]
 [1 1 1 1 1 1 1]
 [1 1 1 1 1 1 1]
 [1 1 1 1 1 1 1]
 [1 1 1 1 1 1 1]
 [1 1 1 1 1 1 1]
 [1 1 1 1 1 1 1]]
No. of solutions so far:17
Locations of the arranged pieces[(0, 0, 10), (0, 3, 8), (1, 2, 14), (1, 6, 2), (2, 0, 13), (2, 4, 33), (4, 0, 34), (4, 2, 21), (6, 5, 9)]
------------------------------------------------------------------
Solution found with the path:{0: 10, 1: 8, 2: 14, 3: 2, 4: 13, 5: 33, 6: 34, 7: 21, 8: 27}
Board formed:
[[0 1 1 1 1 1 1]
 [1 1 1 1 1 1 1]
 [1 1 1 1 1 1 1]
 [1 1 1 1 1 1 1]
 [1 1 1 1 1 1 1]
 [1 1 1 1 1 1 1]
 [1 1 1 1 1 1 1]]
No. of solutions so far:18
Locations of the arranged pieces[(0, 0, 10), (0, 3, 8), (1, 2, 14), (1, 6, 2), (2, 0, 13), (2, 4, 33), (4, 0, 34), (4, 2, 21), (6, 5, 27)]
------------------------------------------------------------------
Solution found with the path:{0: 10, 1: 8, 2: 14, 3: 20, 4: 13, 5: 33, 6: 34, 7: 21, 8: 9}
Board formed:
[[0 1 1 1 1 1 1]
 [1 1 1 1 1 1 1]
 [1 1 1 1 1 1 1]
 [1 1 1 1 1 1 1]
 [1 1 1 1 1 1 1]
 [1 1 1 1 1 1 1]
 [1 1 1 1 1 1 1]]
No. of solutions so far:19
Locations of the arranged pieces[(0, 0, 10), (0, 3, 8), (1, 2, 14), (1, 6, 20), (2, 0, 13), (2, 4, 33), (4, 0, 34), (4, 2, 21), (6, 5, 9)]
------------------------------------------------------------------
Solution found with the path:{0: 10, 1: 8, 2: 14, 3: 20, 4: 13, 5: 33, 6: 34, 7: 21, 8: 27}
Board formed:
[[0 1 1 1 1 1 1]
 [1 1 1 1 1 1 1]
 [1 1 1 1 1 1 1]
 [1 1 1 1 1 1 1]
 [1 1 1 1 1 1 1]
 [1 1 1 1 1 1 1]
 [1 1 1 1 1 1 1]]
No. of solutions so far:20
Locations of the arranged pieces[(0, 0, 10), (0, 3, 8), (1, 2, 14), (1, 6, 20), (2, 0, 13), (2, 4, 33), (4, 0, 34), (4, 2, 21), (6, 5, 27)]
------------------------------------------------------------------
Solution found with the path:{0: 10, 1: 22, 2: 2, 3: 5, 4: 21, 5: 15, 6: 26, 7: 9, 8: 34}
Board formed:
[[0 1 1 1 1 1 1]
 [1 1 1 1 1 1 1]
 [1 1 1 1 1 1 1]
 [1 1 1 1 1 1 1]
 [1 1 1 1 1 1 1]
 [1 1 1 1 1 1 1]
 [1 1 1 1 1 1 1]]
No. of solutions so far:21
Locations of the arranged pieces[(0, 0, 10), (0, 3, 22), (0, 6, 2), (2, 0, 5), (2, 2, 21), (3, 0, 15), (5, 0, 26), (5, 2, 9), (4, 4, 34)]
------------------------------------------------------------------
Solution found with the path:{0: 10, 1: 22, 2: 2, 3: 5, 4: 21, 5: 15, 6: 26, 7: 27, 8: 34}
Board formed:
[[0 1 1 1 1 1 1]
 [1 1 1 1 1 1 1]
 [1 1 1 1 1 1 1]
 [1 1 1 1 1 1 1]
 [1 1 1 1 1 1 1]
 [1 1 1 1 1 1 1]
 [1 1 1 1 1 1 1]]
No. of solutions so far:22
Locations of the arranged pieces[(0, 0, 10), (0, 3, 22), (0, 6, 2), (2, 0, 5), (2, 2, 21), (3, 0, 15), (5, 0, 26), (5, 2, 27), (4, 4, 34)]
------------------------------------------------------------------
Solution found with the path:{0: 10, 1: 22, 2: 2, 3: 5, 4: 21, 5: 15, 6: 34, 7: 26, 8: 9}
Board formed:
[[0 1 1 1 1 1 1]
 [1 1 1 1 1 1 1]
 [1 1 1 1 1 1 1]
 [1 1 1 1 1 1 1]
 [1 1 1 1 1 1 1]
 [1 1 1 1 1 1 1]
 [1 1 1 1 1 1 1]]
No. of solutions so far:23
Locations of the arranged pieces[(0, 0, 10), (0, 3, 22), (0, 6, 2), (2, 0, 5), (2, 2, 21), (3, 0, 15), (4, 4, 34), (5, 0, 26), (5, 2, 9)]
------------------------------------------------------------------
Solution found with the path:{0: 10, 1: 22, 2: 2, 3: 5, 4: 21, 5: 15, 6: 34, 7: 26, 8: 27}
Board formed:
[[0 1 1 1 1 1 1]
 [1 1 1 1 1 1 1]
 [1 1 1 1 1 1 1]
 [1 1 1 1 1 1 1]
 [1 1 1 1 1 1 1]
 [1 1 1 1 1 1 1]
 [1 1 1 1 1 1 1]]
No. of solutions so far:24
Locations of the arranged pieces[(0, 0, 10), (0, 3, 22), (0, 6, 2), (2, 0, 5), (2, 2, 21), (3, 0, 15), (4, 4, 34), (5, 0, 26), (5, 2, 27)]
------------------------------------------------------------------
Solution found with the path:{0: 10, 1: 22, 2: 20, 3: 5, 4: 21, 5: 15, 6: 26, 7: 9, 8: 34}
Board formed:
[[0 1 1 1 1 1 1]
 [1 1 1 1 1 1 1]
 [1 1 1 1 1 1 1]
 [1 1 1 1 1 1 1]
 [1 1 1 1 1 1 1]
 [1 1 1 1 1 1 1]
 [1 1 1 1 1 1 1]]
No. of solutions so far:25
Locations of the arranged pieces[(0, 0, 10), (0, 3, 22), (0, 6, 20), (2, 0, 5), (2, 2, 21), (3, 0, 15), (5, 0, 26), (5, 2, 9), (4, 4, 34)]
------------------------------------------------------------------
Solution found with the path:{0: 10, 1: 22, 2: 20, 3: 5, 4: 21, 5: 15, 6: 26, 7: 27, 8: 34}
Board formed:
[[0 1 1 1 1 1 1]
 [1 1 1 1 1 1 1]
 [1 1 1 1 1 1 1]
 [1 1 1 1 1 1 1]
 [1 1 1 1 1 1 1]
 [1 1 1 1 1 1 1]
 [1 1 1 1 1 1 1]]
No. of solutions so far:26
Locations of the arranged pieces[(0, 0, 10), (0, 3, 22), (0, 6, 20), (2, 0, 5), (2, 2, 21), (3, 0, 15), (5, 0, 26), (5, 2, 27), (4, 4, 34)]
------------------------------------------------------------------
Solution found with the path:{0: 10, 1: 22, 2: 20, 3: 5, 4: 21, 5: 15, 6: 34, 7: 26, 8: 9}
Board formed:
[[0 1 1 1 1 1 1]
 [1 1 1 1 1 1 1]
 [1 1 1 1 1 1 1]
 [1 1 1 1 1 1 1]
 [1 1 1 1 1 1 1]
 [1 1 1 1 1 1 1]
 [1 1 1 1 1 1 1]]
No. of solutions so far:27
Locations of the arranged pieces[(0, 0, 10), (0, 3, 22), (0, 6, 20), (2, 0, 5), (2, 2, 21), (3, 0, 15), (4, 4, 34), (5, 0, 26), (5, 2, 9)]
------------------------------------------------------------------
Solution found with the path:{0: 10, 1: 22, 2: 20, 3: 5, 4: 21, 5: 15, 6: 34, 7: 26, 8: 27}
Board formed:
[[0 1 1 1 1 1 1]
 [1 1 1 1 1 1 1]
 [1 1 1 1 1 1 1]
 [1 1 1 1 1 1 1]
 [1 1 1 1 1 1 1]
 [1 1 1 1 1 1 1]
 [1 1 1 1 1 1 1]]
No. of solutions so far:28
Locations of the arranged pieces[(0, 0, 10), (0, 3, 22), (0, 6, 20), (2, 0, 5), (2, 2, 21), (3, 0, 15), (4, 4, 34), (5, 0, 26), (5, 2, 27)]
------------------------------------------------------------------
