Solution found with the path:{0: 1, 1: 35, 2: 24, 3: 2, 4: 30, 5: 0, 6: 32, 7: 31, 8: 34}
Board formed:
[[0 1 1 1 1 1 1]
 [1 1 1 1 1 1 1]
 [1 1 1 1 1 1 1]
 [1 1 1 1 1 1 1]
 [1 1 1 1 1 1 1]
 [1 1 1 1 1 1 1]
 [1 1 1 1 1 1 1]]
No. of solutions so far:1
Locations of the arranged pieces[(0, 0, 1), (0, 2, 35), (0, 3, 24), (0, 6, 2), (1, 3, 30), (3, 0, 0), (4, 0, 32), (4, 1, 31), (4, 4, 34)]
------------------------------------------------------------------
Solution found with the path:{0: 1, 1: 35, 2: 24, 3: 2, 4: 30, 5: 18, 6: 32, 7: 31, 8: 34}
Board formed:
[[0 1 1 1 1 1 1]
 [1 1 1 1 1 1 1]
 [1 1 1 1 1 1 1]
 [1 1 1 1 1 1 1]
 [1 1 1 1 1 1 1]
 [1 1 1 1 1 1 1]
 [1 1 1 1 1 1 1]]
No. of solutions so far:2
Locations of the arranged pieces[(0, 0, 1), (0, 2, 35), (0, 3, 24), (0, 6, 2), (1, 3, 30), (3, 0, 18), (4, 0, 32), (4, 1, 31), (4, 4, 34)]
------------------------------------------------------------------
Solution found with the path:{0: 1, 1: 35, 2: 24, 3: 20, 4: 30, 5: 0, 6: 32, 7: 31, 8: 34}
Board formed:
[[0 1 1 1 1 1 1]
 [1 1 1 1 1 1 1]
 [1 1 1 1 1 1 1]
 [1 1 1 1 1 1 1]
 [1 1 1 1 1 1 1]
 [1 1 1 1 1 1 1]
 [1 1 1 1 1 1 1]]
No. of solutions so far:3
Locations of the arranged pieces[(0, 0, 1), (0, 2, 35), (0, 3, 24), (0, 6, 20), (1, 3, 30), (3, 0, 0), (4, 0, 32), (4, 1, 31), (4, 4, 34)]
------------------------------------------------------------------
Solution found with the path:{0: 1, 1: 35, 2: 24, 3: 20, 4: 30, 5: 18, 6: 32, 7: 31, 8: 34}
Board formed:
[[0 1 1 1 1 1 1]
 [1 1 1 1 1 1 1]
 [1 1 1 1 1 1 1]
 [1 1 1 1 1 1 1]
 [1 1 1 1 1 1 1]
 [1 1 1 1 1 1 1]
 [1 1 1 1 1 1 1]]
No. of solutions so far:4
Locations of the arranged pieces[(0, 0, 1), (0, 2, 35), (0, 3, 24), (0, 6, 20), (1, 3, 30), (3, 0, 18), (4, 0, 32), (4, 1, 31), (4, 4, 34)]
------------------------------------------------------------------
