Solution found with the path:{0: 32, 1: 2, 2: 16, 3: 31, 4: 15, 5: 17, 6: 21, 7: 0, 8: 10}
Board formed:
[[0 1 1 1 1 1 1]
 [1 1 1 1 1 1 1]
 [1 1 1 1 1 1 1]
 [1 1 1 1 1 1 1]
 [1 1 1 1 1 1 1]
 [1 1 1 1 1 1 1]
 [1 1 1 1 1 1 1]]
No. of solutions so far:1
Locations of the arranged pieces[(0, 0, 32), (0, 3, 2), (0, 4, 16), (1, 0, 31), (2, 4, 15), (2, 5, 17), (4, 0, 21), (5, 0, 0), (5, 3, 10)]
------------------------------------------------------------------
Solution found with the path:{0: 32, 1: 2, 2: 16, 3: 31, 4: 15, 5: 17, 6: 21, 7: 10, 8: 0}
Board formed:
[[0 1 1 1 1 1 1]
 [1 1 1 1 1 1 1]
 [1 1 1 1 1 1 1]
 [1 1 1 1 1 1 1]
 [1 1 1 1 1 1 1]
 [1 1 1 1 1 1 1]
 [1 1 1 1 1 1 1]]
No. of solutions so far:2
Locations of the arranged pieces[(0, 0, 32), (0, 3, 2), (0, 4, 16), (1, 0, 31), (2, 4, 15), (2, 5, 17), (4, 0, 21), (5, 3, 10), (5, 0, 0)]
------------------------------------------------------------------
Solution found with the path:{0: 32, 1: 2, 2: 16, 3: 31, 4: 15, 5: 17, 6: 21, 7: 10, 8: 18}
Board formed:
[[0 1 1 1 1 1 1]
 [1 1 1 1 1 1 1]
 [1 1 1 1 1 1 1]
 [1 1 1 1 1 1 1]
 [1 1 1 1 1 1 1]
 [1 1 1 1 1 1 1]
 [1 1 1 1 1 1 1]]
No. of solutions so far:3
Locations of the arranged pieces[(0, 0, 32), (0, 3, 2), (0, 4, 16), (1, 0, 31), (2, 4, 15), (2, 5, 17), (4, 0, 21), (5, 3, 10), (5, 0, 18)]
------------------------------------------------------------------
Solution found with the path:{0: 32, 1: 2, 2: 16, 3: 31, 4: 15, 5: 17, 6: 21, 7: 18, 8: 10}
Board formed:
[[0 1 1 1 1 1 1]
 [1 1 1 1 1 1 1]
 [1 1 1 1 1 1 1]
 [1 1 1 1 1 1 1]
 [1 1 1 1 1 1 1]
 [1 1 1 1 1 1 1]
 [1 1 1 1 1 1 1]]
No. of solutions so far:4
Locations of the arranged pieces[(0, 0, 32), (0, 3, 2), (0, 4, 16), (1, 0, 31), (2, 4, 15), (2, 5, 17), (4, 0, 21), (5, 0, 18), (5, 3, 10)]
------------------------------------------------------------------
Solution found with the path:{0: 32, 1: 8, 2: 13, 3: 30, 4: 0, 5: 19, 6: 34, 7: 11, 8: 33}
Board formed:
[[0 1 1 1 1 1 1]
 [1 1 1 1 1 1 1]
 [1 1 1 1 1 1 1]
 [1 1 1 1 1 1 1]
 [1 1 1 1 1 1 1]
 [1 1 1 1 1 1 1]
 [1 1 1 1 1 1 1]]
No. of solutions so far:5
Locations of the arranged pieces[(0, 0, 32), (0, 3, 8), (1, 2, 13), (1, 4, 30), (2, 1, 0), (3, 0, 19), (3, 2, 34), (6, 1, 11), (4, 5, 33)]
------------------------------------------------------------------
Solution found with the path:{0: 32, 1: 8, 2: 13, 3: 30, 4: 0, 5: 19, 6: 34, 7: 29, 8: 33}
Board formed:
[[0 1 1 1 1 1 1]
 [1 1 1 1 1 1 1]
 [1 1 1 1 1 1 1]
 [1 1 1 1 1 1 1]
 [1 1 1 1 1 1 1]
 [1 1 1 1 1 1 1]
 [1 1 1 1 1 1 1]]
No. of solutions so far:6
Locations of the arranged pieces[(0, 0, 32), (0, 3, 8), (1, 2, 13), (1, 4, 30), (2, 1, 0), (3, 0, 19), (3, 2, 34), (6, 1, 29), (4, 5, 33)]
------------------------------------------------------------------
Solution found with the path:{0: 32, 1: 8, 2: 13, 3: 30, 4: 0, 5: 19, 6: 34, 7: 33, 8: 11}
Board formed:
[[0 1 1 1 1 1 1]
 [1 1 1 1 1 1 1]
 [1 1 1 1 1 1 1]
 [1 1 1 1 1 1 1]
 [1 1 1 1 1 1 1]
 [1 1 1 1 1 1 1]
 [1 1 1 1 1 1 1]]
No. of solutions so far:7
Locations of the arranged pieces[(0, 0, 32), (0, 3, 8), (1, 2, 13), (1, 4, 30), (2, 1, 0), (3, 0, 19), (3, 2, 34), (4, 5, 33), (6, 1, 11)]
------------------------------------------------------------------
Solution found with the path:{0: 32, 1: 8, 2: 13, 3: 30, 4: 0, 5: 19, 6: 34, 7: 33, 8: 29}
Board formed:
[[0 1 1 1 1 1 1]
 [1 1 1 1 1 1 1]
 [1 1 1 1 1 1 1]
 [1 1 1 1 1 1 1]
 [1 1 1 1 1 1 1]
 [1 1 1 1 1 1 1]
 [1 1 1 1 1 1 1]]
No. of solutions so far:8
Locations of the arranged pieces[(0, 0, 32), (0, 3, 8), (1, 2, 13), (1, 4, 30), (2, 1, 0), (3, 0, 19), (3, 2, 34), (4, 5, 33), (6, 1, 29)]
------------------------------------------------------------------
Solution found with the path:{0: 32, 1: 8, 2: 13, 3: 30, 4: 1, 5: 34, 6: 33, 7: 0, 8: 11}
Board formed:
[[0 1 1 1 1 1 1]
 [1 1 1 1 1 1 1]
 [1 1 1 1 1 1 1]
 [1 1 1 1 1 1 1]
 [1 1 1 1 1 1 1]
 [1 1 1 1 1 1 1]
 [1 1 1 1 1 1 1]]
No. of solutions so far:9
Locations of the arranged pieces[(0, 0, 32), (0, 3, 8), (1, 2, 13), (1, 4, 30), (2, 0, 1), (3, 2, 34), (4, 5, 33), (5, 0, 0), (6, 1, 11)]
------------------------------------------------------------------
Solution found with the path:{0: 32, 1: 8, 2: 13, 3: 30, 4: 1, 5: 34, 6: 33, 7: 0, 8: 29}
Board formed:
[[0 1 1 1 1 1 1]
 [1 1 1 1 1 1 1]
 [1 1 1 1 1 1 1]
 [1 1 1 1 1 1 1]
 [1 1 1 1 1 1 1]
 [1 1 1 1 1 1 1]
 [1 1 1 1 1 1 1]]
No. of solutions so far:10
Locations of the arranged pieces[(0, 0, 32), (0, 3, 8), (1, 2, 13), (1, 4, 30), (2, 0, 1), (3, 2, 34), (4, 5, 33), (5, 0, 0), (6, 1, 29)]
------------------------------------------------------------------
Solution found with the path:{0: 32, 1: 8, 2: 13, 3: 30, 4: 1, 5: 34, 6: 33, 7: 18, 8: 11}
Board formed:
[[0 1 1 1 1 1 1]
 [1 1 1 1 1 1 1]
 [1 1 1 1 1 1 1]
 [1 1 1 1 1 1 1]
 [1 1 1 1 1 1 1]
 [1 1 1 1 1 1 1]
 [1 1 1 1 1 1 1]]
No. of solutions so far:11
Locations of the arranged pieces[(0, 0, 32), (0, 3, 8), (1, 2, 13), (1, 4, 30), (2, 0, 1), (3, 2, 34), (4, 5, 33), (5, 0, 18), (6, 1, 11)]
------------------------------------------------------------------
Solution found with the path:{0: 32, 1: 8, 2: 13, 3: 30, 4: 1, 5: 34, 6: 33, 7: 18, 8: 29}
Board formed:
[[0 1 1 1 1 1 1]
 [1 1 1 1 1 1 1]
 [1 1 1 1 1 1 1]
 [1 1 1 1 1 1 1]
 [1 1 1 1 1 1 1]
 [1 1 1 1 1 1 1]
 [1 1 1 1 1 1 1]]
No. of solutions so far:12
Locations of the arranged pieces[(0, 0, 32), (0, 3, 8), (1, 2, 13), (1, 4, 30), (2, 0, 1), (3, 2, 34), (4, 5, 33), (5, 0, 18), (6, 1, 29)]
------------------------------------------------------------------
Solution found with the path:{0: 32, 1: 8, 2: 13, 3: 30, 4: 18, 5: 19, 6: 34, 7: 11, 8: 33}
Board formed:
[[0 1 1 1 1 1 1]
 [1 1 1 1 1 1 1]
 [1 1 1 1 1 1 1]
 [1 1 1 1 1 1 1]
 [1 1 1 1 1 1 1]
 [1 1 1 1 1 1 1]
 [1 1 1 1 1 1 1]]
No. of solutions so far:13
Locations of the arranged pieces[(0, 0, 32), (0, 3, 8), (1, 2, 13), (1, 4, 30), (2, 1, 18), (3, 0, 19), (3, 2, 34), (6, 1, 11), (4, 5, 33)]
------------------------------------------------------------------
Solution found with the path:{0: 32, 1: 8, 2: 13, 3: 30, 4: 18, 5: 19, 6: 34, 7: 29, 8: 33}
Board formed:
[[0 1 1 1 1 1 1]
 [1 1 1 1 1 1 1]
 [1 1 1 1 1 1 1]
 [1 1 1 1 1 1 1]
 [1 1 1 1 1 1 1]
 [1 1 1 1 1 1 1]
 [1 1 1 1 1 1 1]]
No. of solutions so far:14
Locations of the arranged pieces[(0, 0, 32), (0, 3, 8), (1, 2, 13), (1, 4, 30), (2, 1, 18), (3, 0, 19), (3, 2, 34), (6, 1, 29), (4, 5, 33)]
------------------------------------------------------------------
Solution found with the path:{0: 32, 1: 8, 2: 13, 3: 30, 4: 18, 5: 19, 6: 34, 7: 33, 8: 11}
Board formed:
[[0 1 1 1 1 1 1]
 [1 1 1 1 1 1 1]
 [1 1 1 1 1 1 1]
 [1 1 1 1 1 1 1]
 [1 1 1 1 1 1 1]
 [1 1 1 1 1 1 1]
 [1 1 1 1 1 1 1]]
No. of solutions so far:15
Locations of the arranged pieces[(0, 0, 32), (0, 3, 8), (1, 2, 13), (1, 4, 30), (2, 1, 18), (3, 0, 19), (3, 2, 34), (4, 5, 33), (6, 1, 11)]
------------------------------------------------------------------
Solution found with the path:{0: 32, 1: 8, 2: 13, 3: 30, 4: 18, 5: 19, 6: 34, 7: 33, 8: 29}
Board formed:
[[0 1 1 1 1 1 1]
 [1 1 1 1 1 1 1]
 [1 1 1 1 1 1 1]
 [1 1 1 1 1 1 1]
 [1 1 1 1 1 1 1]
 [1 1 1 1 1 1 1]
 [1 1 1 1 1 1 1]]
No. of solutions so far:16
Locations of the arranged pieces[(0, 0, 32), (0, 3, 8), (1, 2, 13), (1, 4, 30), (2, 1, 18), (3, 0, 19), (3, 2, 34), (4, 5, 33), (6, 1, 29)]
------------------------------------------------------------------
Solution found with the path:{0: 32, 1: 8, 2: 13, 3: 30, 4: 19, 5: 34, 6: 33, 7: 11, 8: 0}
Board formed:
[[0 1 1 1 1 1 1]
 [1 1 1 1 1 1 1]
 [1 1 1 1 1 1 1]
 [1 1 1 1 1 1 1]
 [1 1 1 1 1 1 1]
 [1 1 1 1 1 1 1]
 [1 1 1 1 1 1 1]]
No. of solutions so far:17
Locations of the arranged pieces[(0, 0, 32), (0, 3, 8), (1, 2, 13), (1, 4, 30), (3, 0, 19), (3, 2, 34), (4, 5, 33), (6, 1, 11), (2, 1, 0)]
------------------------------------------------------------------
Solution found with the path:{0: 32, 1: 8, 2: 13, 3: 30, 4: 19, 5: 34, 6: 33, 7: 11, 8: 18}
Board formed:
[[0 1 1 1 1 1 1]
 [1 1 1 1 1 1 1]
 [1 1 1 1 1 1 1]
 [1 1 1 1 1 1 1]
 [1 1 1 1 1 1 1]
 [1 1 1 1 1 1 1]
 [1 1 1 1 1 1 1]]
No. of solutions so far:18
Locations of the arranged pieces[(0, 0, 32), (0, 3, 8), (1, 2, 13), (1, 4, 30), (3, 0, 19), (3, 2, 34), (4, 5, 33), (6, 1, 11), (2, 1, 18)]
------------------------------------------------------------------
Solution found with the path:{0: 32, 1: 8, 2: 13, 3: 30, 4: 19, 5: 34, 6: 33, 7: 29, 8: 0}
Board formed:
[[0 1 1 1 1 1 1]
 [1 1 1 1 1 1 1]
 [1 1 1 1 1 1 1]
 [1 1 1 1 1 1 1]
 [1 1 1 1 1 1 1]
 [1 1 1 1 1 1 1]
 [1 1 1 1 1 1 1]]
No. of solutions so far:19
Locations of the arranged pieces[(0, 0, 32), (0, 3, 8), (1, 2, 13), (1, 4, 30), (3, 0, 19), (3, 2, 34), (4, 5, 33), (6, 1, 29), (2, 1, 0)]
------------------------------------------------------------------
Solution found with the path:{0: 32, 1: 8, 2: 13, 3: 30, 4: 19, 5: 34, 6: 33, 7: 29, 8: 18}
Board formed:
[[0 1 1 1 1 1 1]
 [1 1 1 1 1 1 1]
 [1 1 1 1 1 1 1]
 [1 1 1 1 1 1 1]
 [1 1 1 1 1 1 1]
 [1 1 1 1 1 1 1]
 [1 1 1 1 1 1 1]]
No. of solutions so far:20
Locations of the arranged pieces[(0, 0, 32), (0, 3, 8), (1, 2, 13), (1, 4, 30), (3, 0, 19), (3, 2, 34), (4, 5, 33), (6, 1, 29), (2, 1, 18)]
------------------------------------------------------------------
Solution found with the path:{0: 32, 1: 8, 2: 16, 3: 2, 4: 6, 5: 31, 6: 21, 7: 0, 8: 10}
Board formed:
[[0 1 1 1 1 1 1]
 [1 1 1 1 1 1 1]
 [1 1 1 1 1 1 1]
 [1 1 1 1 1 1 1]
 [1 1 1 1 1 1 1]
 [1 1 1 1 1 1 1]
 [1 1 1 1 1 1 1]]
No. of solutions so far:21
Locations of the arranged pieces[(0, 0, 32), (0, 3, 8), (1, 2, 16), (1, 6, 2), (2, 0, 6), (2, 3, 31), (4, 0, 21), (5, 0, 0), (5, 3, 10)]
------------------------------------------------------------------
Solution found with the path:{0: 32, 1: 8, 2: 16, 3: 2, 4: 6, 5: 31, 6: 21, 7: 10, 8: 0}
Board formed:
[[0 1 1 1 1 1 1]
 [1 1 1 1 1 1 1]
 [1 1 1 1 1 1 1]
 [1 1 1 1 1 1 1]
 [1 1 1 1 1 1 1]
 [1 1 1 1 1 1 1]
 [1 1 1 1 1 1 1]]
No. of solutions so far:22
Locations of the arranged pieces[(0, 0, 32), (0, 3, 8), (1, 2, 16), (1, 6, 2), (2, 0, 6), (2, 3, 31), (4, 0, 21), (5, 3, 10), (5, 0, 0)]
------------------------------------------------------------------
Solution found with the path:{0: 32, 1: 8, 2: 16, 3: 2, 4: 6, 5: 31, 6: 21, 7: 10, 8: 18}
Board formed:
[[0 1 1 1 1 1 1]
 [1 1 1 1 1 1 1]
 [1 1 1 1 1 1 1]
 [1 1 1 1 1 1 1]
 [1 1 1 1 1 1 1]
 [1 1 1 1 1 1 1]
 [1 1 1 1 1 1 1]]
No. of solutions so far:23
Locations of the arranged pieces[(0, 0, 32), (0, 3, 8), (1, 2, 16), (1, 6, 2), (2, 0, 6), (2, 3, 31), (4, 0, 21), (5, 3, 10), (5, 0, 18)]
------------------------------------------------------------------
Solution found with the path:{0: 32, 1: 8, 2: 16, 3: 2, 4: 6, 5: 31, 6: 21, 7: 18, 8: 10}
Board formed:
[[0 1 1 1 1 1 1]
 [1 1 1 1 1 1 1]
 [1 1 1 1 1 1 1]
 [1 1 1 1 1 1 1]
 [1 1 1 1 1 1 1]
 [1 1 1 1 1 1 1]
 [1 1 1 1 1 1 1]]
No. of solutions so far:24
Locations of the arranged pieces[(0, 0, 32), (0, 3, 8), (1, 2, 16), (1, 6, 2), (2, 0, 6), (2, 3, 31), (4, 0, 21), (5, 0, 18), (5, 3, 10)]
------------------------------------------------------------------
Solution found with the path:{0: 32, 1: 8, 2: 16, 3: 2, 4: 12, 5: 31, 6: 6, 7: 9, 8: 10}
Board formed:
[[0 1 1 1 1 1 1]
 [1 1 1 1 1 1 1]
 [1 1 1 1 1 1 1]
 [1 1 1 1 1 1 1]
 [1 1 1 1 1 1 1]
 [1 1 1 1 1 1 1]
 [1 1 1 1 1 1 1]]
No. of solutions so far:25
Locations of the arranged pieces[(0, 0, 32), (0, 3, 8), (1, 2, 16), (1, 6, 2), (2, 0, 12), (2, 3, 31), (5, 0, 6), (5, 2, 9), (5, 3, 10)]
------------------------------------------------------------------
Solution found with the path:{0: 32, 1: 8, 2: 16, 3: 2, 4: 12, 5: 31, 6: 6, 7: 10, 8: 9}
Board formed:
[[0 1 1 1 1 1 1]
 [1 1 1 1 1 1 1]
 [1 1 1 1 1 1 1]
 [1 1 1 1 1 1 1]
 [1 1 1 1 1 1 1]
 [1 1 1 1 1 1 1]
 [1 1 1 1 1 1 1]]
No. of solutions so far:26
Locations of the arranged pieces[(0, 0, 32), (0, 3, 8), (1, 2, 16), (1, 6, 2), (2, 0, 12), (2, 3, 31), (5, 0, 6), (5, 3, 10), (5, 2, 9)]
------------------------------------------------------------------
Solution found with the path:{0: 32, 1: 8, 2: 16, 3: 2, 4: 12, 5: 31, 6: 6, 7: 10, 8: 27}
Board formed:
[[0 1 1 1 1 1 1]
 [1 1 1 1 1 1 1]
 [1 1 1 1 1 1 1]
 [1 1 1 1 1 1 1]
 [1 1 1 1 1 1 1]
 [1 1 1 1 1 1 1]
 [1 1 1 1 1 1 1]]
No. of solutions so far:27
Locations of the arranged pieces[(0, 0, 32), (0, 3, 8), (1, 2, 16), (1, 6, 2), (2, 0, 12), (2, 3, 31), (5, 0, 6), (5, 3, 10), (5, 2, 27)]
------------------------------------------------------------------
Solution found with the path:{0: 32, 1: 8, 2: 16, 3: 2, 4: 12, 5: 31, 6: 6, 7: 27, 8: 10}
Board formed:
[[0 1 1 1 1 1 1]
 [1 1 1 1 1 1 1]
 [1 1 1 1 1 1 1]
 [1 1 1 1 1 1 1]
 [1 1 1 1 1 1 1]
 [1 1 1 1 1 1 1]
 [1 1 1 1 1 1 1]]
No. of solutions so far:28
Locations of the arranged pieces[(0, 0, 32), (0, 3, 8), (1, 2, 16), (1, 6, 2), (2, 0, 12), (2, 3, 31), (5, 0, 6), (5, 2, 27), (5, 3, 10)]
------------------------------------------------------------------
Solution found with the path:{0: 32, 1: 8, 2: 16, 3: 2, 4: 12, 5: 31, 6: 6, 7: 28, 8: 9}
Board formed:
[[0 1 1 1 1 1 1]
 [1 1 1 1 1 1 1]
 [1 1 1 1 1 1 1]
 [1 1 1 1 1 1 1]
 [1 1 1 1 1 1 1]
 [1 1 1 1 1 1 1]
 [1 1 1 1 1 1 1]]
No. of solutions so far:29
Locations of the arranged pieces[(0, 0, 32), (0, 3, 8), (1, 2, 16), (1, 6, 2), (2, 0, 12), (2, 3, 31), (5, 0, 6), (5, 2, 28), (6, 5, 9)]
------------------------------------------------------------------
Solution found with the path:{0: 32, 1: 8, 2: 16, 3: 2, 4: 12, 5: 31, 6: 6, 7: 28, 8: 27}
Board formed:
[[0 1 1 1 1 1 1]
 [1 1 1 1 1 1 1]
 [1 1 1 1 1 1 1]
 [1 1 1 1 1 1 1]
 [1 1 1 1 1 1 1]
 [1 1 1 1 1 1 1]
 [1 1 1 1 1 1 1]]
No. of solutions so far:30
Locations of the arranged pieces[(0, 0, 32), (0, 3, 8), (1, 2, 16), (1, 6, 2), (2, 0, 12), (2, 3, 31), (5, 0, 6), (5, 2, 28), (6, 5, 27)]
------------------------------------------------------------------
Solution found with the path:{0: 32, 1: 8, 2: 16, 3: 2, 4: 12, 5: 31, 6: 10, 7: 6, 8: 9}
Board formed:
[[0 1 1 1 1 1 1]
 [1 1 1 1 1 1 1]
 [1 1 1 1 1 1 1]
 [1 1 1 1 1 1 1]
 [1 1 1 1 1 1 1]
 [1 1 1 1 1 1 1]
 [1 1 1 1 1 1 1]]
No. of solutions so far:31
Locations of the arranged pieces[(0, 0, 32), (0, 3, 8), (1, 2, 16), (1, 6, 2), (2, 0, 12), (2, 3, 31), (5, 0, 10), (5, 4, 6), (5, 3, 9)]
------------------------------------------------------------------
Solution found with the path:{0: 32, 1: 8, 2: 16, 3: 2, 4: 12, 5: 31, 6: 10, 7: 6, 8: 27}
Board formed:
[[0 1 1 1 1 1 1]
 [1 1 1 1 1 1 1]
 [1 1 1 1 1 1 1]
 [1 1 1 1 1 1 1]
 [1 1 1 1 1 1 1]
 [1 1 1 1 1 1 1]
 [1 1 1 1 1 1 1]]
No. of solutions so far:32
Locations of the arranged pieces[(0, 0, 32), (0, 3, 8), (1, 2, 16), (1, 6, 2), (2, 0, 12), (2, 3, 31), (5, 0, 10), (5, 4, 6), (5, 3, 27)]
------------------------------------------------------------------
Solution found with the path:{0: 32, 1: 8, 2: 16, 3: 2, 4: 12, 5: 31, 6: 10, 7: 9, 8: 6}
Board formed:
[[0 1 1 1 1 1 1]
 [1 1 1 1 1 1 1]
 [1 1 1 1 1 1 1]
 [1 1 1 1 1 1 1]
 [1 1 1 1 1 1 1]
 [1 1 1 1 1 1 1]
 [1 1 1 1 1 1 1]]
No. of solutions so far:33
Locations of the arranged pieces[(0, 0, 32), (0, 3, 8), (1, 2, 16), (1, 6, 2), (2, 0, 12), (2, 3, 31), (5, 0, 10), (5, 3, 9), (5, 4, 6)]
------------------------------------------------------------------
Solution found with the path:{0: 32, 1: 8, 2: 16, 3: 2, 4: 12, 5: 31, 6: 10, 7: 24, 8: 9}
Board formed:
[[0 1 1 1 1 1 1]
 [1 1 1 1 1 1 1]
 [1 1 1 1 1 1 1]
 [1 1 1 1 1 1 1]
 [1 1 1 1 1 1 1]
 [1 1 1 1 1 1 1]
 [1 1 1 1 1 1 1]]
No. of solutions so far:34
Locations of the arranged pieces[(0, 0, 32), (0, 3, 8), (1, 2, 16), (1, 6, 2), (2, 0, 12), (2, 3, 31), (5, 0, 10), (5, 3, 24), (6, 5, 9)]
------------------------------------------------------------------
Solution found with the path:{0: 32, 1: 8, 2: 16, 3: 2, 4: 12, 5: 31, 6: 10, 7: 24, 8: 27}
Board formed:
[[0 1 1 1 1 1 1]
 [1 1 1 1 1 1 1]
 [1 1 1 1 1 1 1]
 [1 1 1 1 1 1 1]
 [1 1 1 1 1 1 1]
 [1 1 1 1 1 1 1]
 [1 1 1 1 1 1 1]]
No. of solutions so far:35
Locations of the arranged pieces[(0, 0, 32), (0, 3, 8), (1, 2, 16), (1, 6, 2), (2, 0, 12), (2, 3, 31), (5, 0, 10), (5, 3, 24), (6, 5, 27)]
------------------------------------------------------------------
Solution found with the path:{0: 32, 1: 8, 2: 16, 3: 2, 4: 12, 5: 31, 6: 10, 7: 27, 8: 6}
Board formed:
[[0 1 1 1 1 1 1]
 [1 1 1 1 1 1 1]
 [1 1 1 1 1 1 1]
 [1 1 1 1 1 1 1]
 [1 1 1 1 1 1 1]
 [1 1 1 1 1 1 1]
 [1 1 1 1 1 1 1]]
No. of solutions so far:36
Locations of the arranged pieces[(0, 0, 32), (0, 3, 8), (1, 2, 16), (1, 6, 2), (2, 0, 12), (2, 3, 31), (5, 0, 10), (5, 3, 27), (5, 4, 6)]
------------------------------------------------------------------
Solution found with the path:{0: 32, 1: 8, 2: 16, 3: 2, 4: 12, 5: 31, 6: 24, 7: 10, 8: 9}
Board formed:
[[0 1 1 1 1 1 1]
 [1 1 1 1 1 1 1]
 [1 1 1 1 1 1 1]
 [1 1 1 1 1 1 1]
 [1 1 1 1 1 1 1]
 [1 1 1 1 1 1 1]
 [1 1 1 1 1 1 1]]
No. of solutions so far:37
Locations of the arranged pieces[(0, 0, 32), (0, 3, 8), (1, 2, 16), (1, 6, 2), (2, 0, 12), (2, 3, 31), (5, 1, 24), (5, 3, 10), (6, 0, 9)]
------------------------------------------------------------------
Solution found with the path:{0: 32, 1: 8, 2: 16, 3: 2, 4: 12, 5: 31, 6: 24, 7: 10, 8: 27}
Board formed:
[[0 1 1 1 1 1 1]
 [1 1 1 1 1 1 1]
 [1 1 1 1 1 1 1]
 [1 1 1 1 1 1 1]
 [1 1 1 1 1 1 1]
 [1 1 1 1 1 1 1]
 [1 1 1 1 1 1 1]]
No. of solutions so far:38
Locations of the arranged pieces[(0, 0, 32), (0, 3, 8), (1, 2, 16), (1, 6, 2), (2, 0, 12), (2, 3, 31), (5, 1, 24), (5, 3, 10), (6, 0, 27)]
------------------------------------------------------------------
Solution found with the path:{0: 32, 1: 8, 2: 16, 3: 2, 4: 12, 5: 31, 6: 28, 7: 6, 8: 9}
Board formed:
[[0 1 1 1 1 1 1]
 [1 1 1 1 1 1 1]
 [1 1 1 1 1 1 1]
 [1 1 1 1 1 1 1]
 [1 1 1 1 1 1 1]
 [1 1 1 1 1 1 1]
 [1 1 1 1 1 1 1]]
No. of solutions so far:39
Locations of the arranged pieces[(0, 0, 32), (0, 3, 8), (1, 2, 16), (1, 6, 2), (2, 0, 12), (2, 3, 31), (5, 1, 28), (5, 4, 6), (6, 0, 9)]
------------------------------------------------------------------
Solution found with the path:{0: 32, 1: 8, 2: 16, 3: 2, 4: 12, 5: 31, 6: 28, 7: 6, 8: 27}
Board formed:
[[0 1 1 1 1 1 1]
 [1 1 1 1 1 1 1]
 [1 1 1 1 1 1 1]
 [1 1 1 1 1 1 1]
 [1 1 1 1 1 1 1]
 [1 1 1 1 1 1 1]
 [1 1 1 1 1 1 1]]
No. of solutions so far:40
Locations of the arranged pieces[(0, 0, 32), (0, 3, 8), (1, 2, 16), (1, 6, 2), (2, 0, 12), (2, 3, 31), (5, 1, 28), (5, 4, 6), (6, 0, 27)]
------------------------------------------------------------------
Solution found with the path:{0: 32, 1: 8, 2: 16, 3: 2, 4: 12, 5: 31, 6: 28, 7: 9, 8: 6}
Board formed:
[[0 1 1 1 1 1 1]
 [1 1 1 1 1 1 1]
 [1 1 1 1 1 1 1]
 [1 1 1 1 1 1 1]
 [1 1 1 1 1 1 1]
 [1 1 1 1 1 1 1]
 [1 1 1 1 1 1 1]]
No. of solutions so far:41
Locations of the arranged pieces[(0, 0, 32), (0, 3, 8), (1, 2, 16), (1, 6, 2), (2, 0, 12), (2, 3, 31), (5, 1, 28), (6, 0, 9), (5, 4, 6)]
------------------------------------------------------------------
Solution found with the path:{0: 32, 1: 8, 2: 16, 3: 2, 4: 12, 5: 31, 6: 28, 7: 27, 8: 6}
Board formed:
[[0 1 1 1 1 1 1]
 [1 1 1 1 1 1 1]
 [1 1 1 1 1 1 1]
 [1 1 1 1 1 1 1]
 [1 1 1 1 1 1 1]
 [1 1 1 1 1 1 1]
 [1 1 1 1 1 1 1]]
No. of solutions so far:42
Locations of the arranged pieces[(0, 0, 32), (0, 3, 8), (1, 2, 16), (1, 6, 2), (2, 0, 12), (2, 3, 31), (5, 1, 28), (6, 0, 27), (5, 4, 6)]
------------------------------------------------------------------
Solution found with the path:{0: 32, 1: 8, 2: 16, 3: 2, 4: 12, 5: 33, 6: 0, 7: 4, 8: 10}
Board formed:
[[0 1 1 1 1 1 1]
 [1 1 1 1 1 1 1]
 [1 1 1 1 1 1 1]
 [1 1 1 1 1 1 1]
 [1 1 1 1 1 1 1]
 [1 1 1 1 1 1 1]
 [1 1 1 1 1 1 1]]
No. of solutions so far:43
Locations of the arranged pieces[(0, 0, 32), (0, 3, 8), (1, 2, 16), (1, 6, 2), (2, 0, 12), (2, 4, 33), (4, 3, 0), (4, 4, 4), (5, 0, 10)]
------------------------------------------------------------------
Solution found with the path:{0: 32, 1: 8, 2: 16, 3: 2, 4: 12, 5: 33, 6: 0, 7: 10, 8: 4}
Board formed:
[[0 1 1 1 1 1 1]
 [1 1 1 1 1 1 1]
 [1 1 1 1 1 1 1]
 [1 1 1 1 1 1 1]
 [1 1 1 1 1 1 1]
 [1 1 1 1 1 1 1]
 [1 1 1 1 1 1 1]]
No. of solutions so far:44
Locations of the arranged pieces[(0, 0, 32), (0, 3, 8), (1, 2, 16), (1, 6, 2), (2, 0, 12), (2, 4, 33), (4, 3, 0), (5, 0, 10), (4, 4, 4)]
------------------------------------------------------------------
Solution found with the path:{0: 32, 1: 8, 2: 16, 3: 2, 4: 12, 5: 33, 6: 18, 7: 4, 8: 10}
Board formed:
[[0 1 1 1 1 1 1]
 [1 1 1 1 1 1 1]
 [1 1 1 1 1 1 1]
 [1 1 1 1 1 1 1]
 [1 1 1 1 1 1 1]
 [1 1 1 1 1 1 1]
 [1 1 1 1 1 1 1]]
No. of solutions so far:45
Locations of the arranged pieces[(0, 0, 32), (0, 3, 8), (1, 2, 16), (1, 6, 2), (2, 0, 12), (2, 4, 33), (4, 3, 18), (4, 4, 4), (5, 0, 10)]
------------------------------------------------------------------
Solution found with the path:{0: 32, 1: 8, 2: 16, 3: 2, 4: 12, 5: 33, 6: 18, 7: 10, 8: 4}
Board formed:
[[0 1 1 1 1 1 1]
 [1 1 1 1 1 1 1]
 [1 1 1 1 1 1 1]
 [1 1 1 1 1 1 1]
 [1 1 1 1 1 1 1]
 [1 1 1 1 1 1 1]
 [1 1 1 1 1 1 1]]
No. of solutions so far:46
Locations of the arranged pieces[(0, 0, 32), (0, 3, 8), (1, 2, 16), (1, 6, 2), (2, 0, 12), (2, 4, 33), (4, 3, 18), (5, 0, 10), (4, 4, 4)]
------------------------------------------------------------------
Solution found with the path:{0: 32, 1: 8, 2: 16, 3: 20, 4: 6, 5: 31, 6: 21, 7: 0, 8: 10}
Board formed:
[[0 1 1 1 1 1 1]
 [1 1 1 1 1 1 1]
 [1 1 1 1 1 1 1]
 [1 1 1 1 1 1 1]
 [1 1 1 1 1 1 1]
 [1 1 1 1 1 1 1]
 [1 1 1 1 1 1 1]]
No. of solutions so far:47
Locations of the arranged pieces[(0, 0, 32), (0, 3, 8), (1, 2, 16), (1, 6, 20), (2, 0, 6), (2, 3, 31), (4, 0, 21), (5, 0, 0), (5, 3, 10)]
------------------------------------------------------------------
Solution found with the path:{0: 32, 1: 8, 2: 16, 3: 20, 4: 6, 5: 31, 6: 21, 7: 10, 8: 0}
Board formed:
[[0 1 1 1 1 1 1]
 [1 1 1 1 1 1 1]
 [1 1 1 1 1 1 1]
 [1 1 1 1 1 1 1]
 [1 1 1 1 1 1 1]
 [1 1 1 1 1 1 1]
 [1 1 1 1 1 1 1]]
No. of solutions so far:48
Locations of the arranged pieces[(0, 0, 32), (0, 3, 8), (1, 2, 16), (1, 6, 20), (2, 0, 6), (2, 3, 31), (4, 0, 21), (5, 3, 10), (5, 0, 0)]
------------------------------------------------------------------
Solution found with the path:{0: 32, 1: 8, 2: 16, 3: 20, 4: 6, 5: 31, 6: 21, 7: 10, 8: 18}
Board formed:
[[0 1 1 1 1 1 1]
 [1 1 1 1 1 1 1]
 [1 1 1 1 1 1 1]
 [1 1 1 1 1 1 1]
 [1 1 1 1 1 1 1]
 [1 1 1 1 1 1 1]
 [1 1 1 1 1 1 1]]
No. of solutions so far:49
Locations of the arranged pieces[(0, 0, 32), (0, 3, 8), (1, 2, 16), (1, 6, 20), (2, 0, 6), (2, 3, 31), (4, 0, 21), (5, 3, 10), (5, 0, 18)]
------------------------------------------------------------------
Solution found with the path:{0: 32, 1: 8, 2: 16, 3: 20, 4: 6, 5: 31, 6: 21, 7: 18, 8: 10}
Board formed:
[[0 1 1 1 1 1 1]
 [1 1 1 1 1 1 1]
 [1 1 1 1 1 1 1]
 [1 1 1 1 1 1 1]
 [1 1 1 1 1 1 1]
 [1 1 1 1 1 1 1]
 [1 1 1 1 1 1 1]]
No. of solutions so far:50
Locations of the arranged pieces[(0, 0, 32), (0, 3, 8), (1, 2, 16), (1, 6, 20), (2, 0, 6), (2, 3, 31), (4, 0, 21), (5, 0, 18), (5, 3, 10)]
------------------------------------------------------------------
Solution found with the path:{0: 32, 1: 8, 2: 16, 3: 20, 4: 12, 5: 31, 6: 6, 7: 9, 8: 10}
Board formed:
[[0 1 1 1 1 1 1]
 [1 1 1 1 1 1 1]
 [1 1 1 1 1 1 1]
 [1 1 1 1 1 1 1]
 [1 1 1 1 1 1 1]
 [1 1 1 1 1 1 1]
 [1 1 1 1 1 1 1]]
No. of solutions so far:51
Locations of the arranged pieces[(0, 0, 32), (0, 3, 8), (1, 2, 16), (1, 6, 20), (2, 0, 12), (2, 3, 31), (5, 0, 6), (5, 2, 9), (5, 3, 10)]
------------------------------------------------------------------
Solution found with the path:{0: 32, 1: 8, 2: 16, 3: 20, 4: 12, 5: 31, 6: 6, 7: 10, 8: 9}
Board formed:
[[0 1 1 1 1 1 1]
 [1 1 1 1 1 1 1]
 [1 1 1 1 1 1 1]
 [1 1 1 1 1 1 1]
 [1 1 1 1 1 1 1]
 [1 1 1 1 1 1 1]
 [1 1 1 1 1 1 1]]
No. of solutions so far:52
Locations of the arranged pieces[(0, 0, 32), (0, 3, 8), (1, 2, 16), (1, 6, 20), (2, 0, 12), (2, 3, 31), (5, 0, 6), (5, 3, 10), (5, 2, 9)]
------------------------------------------------------------------
Solution found with the path:{0: 32, 1: 8, 2: 16, 3: 20, 4: 12, 5: 31, 6: 6, 7: 10, 8: 27}
Board formed:
[[0 1 1 1 1 1 1]
 [1 1 1 1 1 1 1]
 [1 1 1 1 1 1 1]
 [1 1 1 1 1 1 1]
 [1 1 1 1 1 1 1]
 [1 1 1 1 1 1 1]
 [1 1 1 1 1 1 1]]
No. of solutions so far:53
Locations of the arranged pieces[(0, 0, 32), (0, 3, 8), (1, 2, 16), (1, 6, 20), (2, 0, 12), (2, 3, 31), (5, 0, 6), (5, 3, 10), (5, 2, 27)]
------------------------------------------------------------------
Solution found with the path:{0: 32, 1: 8, 2: 16, 3: 20, 4: 12, 5: 31, 6: 6, 7: 27, 8: 10}
Board formed:
[[0 1 1 1 1 1 1]
 [1 1 1 1 1 1 1]
 [1 1 1 1 1 1 1]
 [1 1 1 1 1 1 1]
 [1 1 1 1 1 1 1]
 [1 1 1 1 1 1 1]
 [1 1 1 1 1 1 1]]
No. of solutions so far:54
Locations of the arranged pieces[(0, 0, 32), (0, 3, 8), (1, 2, 16), (1, 6, 20), (2, 0, 12), (2, 3, 31), (5, 0, 6), (5, 2, 27), (5, 3, 10)]
------------------------------------------------------------------
Solution found with the path:{0: 32, 1: 8, 2: 16, 3: 20, 4: 12, 5: 31, 6: 6, 7: 28, 8: 9}
Board formed:
[[0 1 1 1 1 1 1]
 [1 1 1 1 1 1 1]
 [1 1 1 1 1 1 1]
 [1 1 1 1 1 1 1]
 [1 1 1 1 1 1 1]
 [1 1 1 1 1 1 1]
 [1 1 1 1 1 1 1]]
No. of solutions so far:55
Locations of the arranged pieces[(0, 0, 32), (0, 3, 8), (1, 2, 16), (1, 6, 20), (2, 0, 12), (2, 3, 31), (5, 0, 6), (5, 2, 28), (6, 5, 9)]
------------------------------------------------------------------
Solution found with the path:{0: 32, 1: 8, 2: 16, 3: 20, 4: 12, 5: 31, 6: 6, 7: 28, 8: 27}
Board formed:
[[0 1 1 1 1 1 1]
 [1 1 1 1 1 1 1]
 [1 1 1 1 1 1 1]
 [1 1 1 1 1 1 1]
 [1 1 1 1 1 1 1]
 [1 1 1 1 1 1 1]
 [1 1 1 1 1 1 1]]
No. of solutions so far:56
Locations of the arranged pieces[(0, 0, 32), (0, 3, 8), (1, 2, 16), (1, 6, 20), (2, 0, 12), (2, 3, 31), (5, 0, 6), (5, 2, 28), (6, 5, 27)]
------------------------------------------------------------------
Solution found with the path:{0: 32, 1: 8, 2: 16, 3: 20, 4: 12, 5: 31, 6: 10, 7: 6, 8: 9}
Board formed:
[[0 1 1 1 1 1 1]
 [1 1 1 1 1 1 1]
 [1 1 1 1 1 1 1]
 [1 1 1 1 1 1 1]
 [1 1 1 1 1 1 1]
 [1 1 1 1 1 1 1]
 [1 1 1 1 1 1 1]]
No. of solutions so far:57
Locations of the arranged pieces[(0, 0, 32), (0, 3, 8), (1, 2, 16), (1, 6, 20), (2, 0, 12), (2, 3, 31), (5, 0, 10), (5, 4, 6), (5, 3, 9)]
------------------------------------------------------------------
Solution found with the path:{0: 32, 1: 8, 2: 16, 3: 20, 4: 12, 5: 31, 6: 10, 7: 6, 8: 27}
Board formed:
[[0 1 1 1 1 1 1]
 [1 1 1 1 1 1 1]
 [1 1 1 1 1 1 1]
 [1 1 1 1 1 1 1]
 [1 1 1 1 1 1 1]
 [1 1 1 1 1 1 1]
 [1 1 1 1 1 1 1]]
No. of solutions so far:58
Locations of the arranged pieces[(0, 0, 32), (0, 3, 8), (1, 2, 16), (1, 6, 20), (2, 0, 12), (2, 3, 31), (5, 0, 10), (5, 4, 6), (5, 3, 27)]
------------------------------------------------------------------
Solution found with the path:{0: 32, 1: 8, 2: 16, 3: 20, 4: 12, 5: 31, 6: 10, 7: 9, 8: 6}
Board formed:
[[0 1 1 1 1 1 1]
 [1 1 1 1 1 1 1]
 [1 1 1 1 1 1 1]
 [1 1 1 1 1 1 1]
 [1 1 1 1 1 1 1]
 [1 1 1 1 1 1 1]
 [1 1 1 1 1 1 1]]
No. of solutions so far:59
Locations of the arranged pieces[(0, 0, 32), (0, 3, 8), (1, 2, 16), (1, 6, 20), (2, 0, 12), (2, 3, 31), (5, 0, 10), (5, 3, 9), (5, 4, 6)]
------------------------------------------------------------------
Solution found with the path:{0: 32, 1: 8, 2: 16, 3: 20, 4: 12, 5: 31, 6: 10, 7: 24, 8: 9}
Board formed:
[[0 1 1 1 1 1 1]
 [1 1 1 1 1 1 1]
 [1 1 1 1 1 1 1]
 [1 1 1 1 1 1 1]
 [1 1 1 1 1 1 1]
 [1 1 1 1 1 1 1]
 [1 1 1 1 1 1 1]]
No. of solutions so far:60
Locations of the arranged pieces[(0, 0, 32), (0, 3, 8), (1, 2, 16), (1, 6, 20), (2, 0, 12), (2, 3, 31), (5, 0, 10), (5, 3, 24), (6, 5, 9)]
------------------------------------------------------------------
Solution found with the path:{0: 32, 1: 8, 2: 16, 3: 20, 4: 12, 5: 31, 6: 10, 7: 24, 8: 27}
Board formed:
[[0 1 1 1 1 1 1]
 [1 1 1 1 1 1 1]
 [1 1 1 1 1 1 1]
 [1 1 1 1 1 1 1]
 [1 1 1 1 1 1 1]
 [1 1 1 1 1 1 1]
 [1 1 1 1 1 1 1]]
No. of solutions so far:61
Locations of the arranged pieces[(0, 0, 32), (0, 3, 8), (1, 2, 16), (1, 6, 20), (2, 0, 12), (2, 3, 31), (5, 0, 10), (5, 3, 24), (6, 5, 27)]
------------------------------------------------------------------
Solution found with the path:{0: 32, 1: 8, 2: 16, 3: 20, 4: 12, 5: 31, 6: 10, 7: 27, 8: 6}
Board formed:
[[0 1 1 1 1 1 1]
 [1 1 1 1 1 1 1]
 [1 1 1 1 1 1 1]
 [1 1 1 1 1 1 1]
 [1 1 1 1 1 1 1]
 [1 1 1 1 1 1 1]
 [1 1 1 1 1 1 1]]
No. of solutions so far:62
Locations of the arranged pieces[(0, 0, 32), (0, 3, 8), (1, 2, 16), (1, 6, 20), (2, 0, 12), (2, 3, 31), (5, 0, 10), (5, 3, 27), (5, 4, 6)]
------------------------------------------------------------------
Solution found with the path:{0: 32, 1: 8, 2: 16, 3: 20, 4: 12, 5: 31, 6: 24, 7: 10, 8: 9}
Board formed:
[[0 1 1 1 1 1 1]
 [1 1 1 1 1 1 1]
 [1 1 1 1 1 1 1]
 [1 1 1 1 1 1 1]
 [1 1 1 1 1 1 1]
 [1 1 1 1 1 1 1]
 [1 1 1 1 1 1 1]]
No. of solutions so far:63
Locations of the arranged pieces[(0, 0, 32), (0, 3, 8), (1, 2, 16), (1, 6, 20), (2, 0, 12), (2, 3, 31), (5, 1, 24), (5, 3, 10), (6, 0, 9)]
------------------------------------------------------------------
Solution found with the path:{0: 32, 1: 8, 2: 16, 3: 20, 4: 12, 5: 31, 6: 24, 7: 10, 8: 27}
Board formed:
[[0 1 1 1 1 1 1]
 [1 1 1 1 1 1 1]
 [1 1 1 1 1 1 1]
 [1 1 1 1 1 1 1]
 [1 1 1 1 1 1 1]
 [1 1 1 1 1 1 1]
 [1 1 1 1 1 1 1]]
No. of solutions so far:64
Locations of the arranged pieces[(0, 0, 32), (0, 3, 8), (1, 2, 16), (1, 6, 20), (2, 0, 12), (2, 3, 31), (5, 1, 24), (5, 3, 10), (6, 0, 27)]
------------------------------------------------------------------
Solution found with the path:{0: 32, 1: 8, 2: 16, 3: 20, 4: 12, 5: 31, 6: 28, 7: 6, 8: 9}
Board formed:
[[0 1 1 1 1 1 1]
 [1 1 1 1 1 1 1]
 [1 1 1 1 1 1 1]
 [1 1 1 1 1 1 1]
 [1 1 1 1 1 1 1]
 [1 1 1 1 1 1 1]
 [1 1 1 1 1 1 1]]
No. of solutions so far:65
Locations of the arranged pieces[(0, 0, 32), (0, 3, 8), (1, 2, 16), (1, 6, 20), (2, 0, 12), (2, 3, 31), (5, 1, 28), (5, 4, 6), (6, 0, 9)]
------------------------------------------------------------------
Solution found with the path:{0: 32, 1: 8, 2: 16, 3: 20, 4: 12, 5: 31, 6: 28, 7: 6, 8: 27}
Board formed:
[[0 1 1 1 1 1 1]
 [1 1 1 1 1 1 1]
 [1 1 1 1 1 1 1]
 [1 1 1 1 1 1 1]
 [1 1 1 1 1 1 1]
 [1 1 1 1 1 1 1]
 [1 1 1 1 1 1 1]]
No. of solutions so far:66
Locations of the arranged pieces[(0, 0, 32), (0, 3, 8), (1, 2, 16), (1, 6, 20), (2, 0, 12), (2, 3, 31), (5, 1, 28), (5, 4, 6), (6, 0, 27)]
------------------------------------------------------------------
Solution found with the path:{0: 32, 1: 8, 2: 16, 3: 20, 4: 12, 5: 31, 6: 28, 7: 9, 8: 6}
Board formed:
[[0 1 1 1 1 1 1]
 [1 1 1 1 1 1 1]
 [1 1 1 1 1 1 1]
 [1 1 1 1 1 1 1]
 [1 1 1 1 1 1 1]
 [1 1 1 1 1 1 1]
 [1 1 1 1 1 1 1]]
No. of solutions so far:67
Locations of the arranged pieces[(0, 0, 32), (0, 3, 8), (1, 2, 16), (1, 6, 20), (2, 0, 12), (2, 3, 31), (5, 1, 28), (6, 0, 9), (5, 4, 6)]
------------------------------------------------------------------
Solution found with the path:{0: 32, 1: 8, 2: 16, 3: 20, 4: 12, 5: 31, 6: 28, 7: 27, 8: 6}
Board formed:
[[0 1 1 1 1 1 1]
 [1 1 1 1 1 1 1]
 [1 1 1 1 1 1 1]
 [1 1 1 1 1 1 1]
 [1 1 1 1 1 1 1]
 [1 1 1 1 1 1 1]
 [1 1 1 1 1 1 1]]
No. of solutions so far:68
Locations of the arranged pieces[(0, 0, 32), (0, 3, 8), (1, 2, 16), (1, 6, 20), (2, 0, 12), (2, 3, 31), (5, 1, 28), (6, 0, 27), (5, 4, 6)]
------------------------------------------------------------------
Solution found with the path:{0: 32, 1: 8, 2: 16, 3: 20, 4: 12, 5: 33, 6: 0, 7: 4, 8: 10}
Board formed:
[[0 1 1 1 1 1 1]
 [1 1 1 1 1 1 1]
 [1 1 1 1 1 1 1]
 [1 1 1 1 1 1 1]
 [1 1 1 1 1 1 1]
 [1 1 1 1 1 1 1]
 [1 1 1 1 1 1 1]]
No. of solutions so far:69
Locations of the arranged pieces[(0, 0, 32), (0, 3, 8), (1, 2, 16), (1, 6, 20), (2, 0, 12), (2, 4, 33), (4, 3, 0), (4, 4, 4), (5, 0, 10)]
------------------------------------------------------------------
Solution found with the path:{0: 32, 1: 8, 2: 16, 3: 20, 4: 12, 5: 33, 6: 0, 7: 10, 8: 4}
Board formed:
[[0 1 1 1 1 1 1]
 [1 1 1 1 1 1 1]
 [1 1 1 1 1 1 1]
 [1 1 1 1 1 1 1]
 [1 1 1 1 1 1 1]
 [1 1 1 1 1 1 1]
 [1 1 1 1 1 1 1]]
No. of solutions so far:70
Locations of the arranged pieces[(0, 0, 32), (0, 3, 8), (1, 2, 16), (1, 6, 20), (2, 0, 12), (2, 4, 33), (4, 3, 0), (5, 0, 10), (4, 4, 4)]
------------------------------------------------------------------
Solution found with the path:{0: 32, 1: 8, 2: 16, 3: 20, 4: 12, 5: 33, 6: 18, 7: 4, 8: 10}
Board formed:
[[0 1 1 1 1 1 1]
 [1 1 1 1 1 1 1]
 [1 1 1 1 1 1 1]
 [1 1 1 1 1 1 1]
 [1 1 1 1 1 1 1]
 [1 1 1 1 1 1 1]
 [1 1 1 1 1 1 1]]
No. of solutions so far:71
Locations of the arranged pieces[(0, 0, 32), (0, 3, 8), (1, 2, 16), (1, 6, 20), (2, 0, 12), (2, 4, 33), (4, 3, 18), (4, 4, 4), (5, 0, 10)]
------------------------------------------------------------------
Solution found with the path:{0: 32, 1: 8, 2: 16, 3: 20, 4: 12, 5: 33, 6: 18, 7: 10, 8: 4}
Board formed:
[[0 1 1 1 1 1 1]
 [1 1 1 1 1 1 1]
 [1 1 1 1 1 1 1]
 [1 1 1 1 1 1 1]
 [1 1 1 1 1 1 1]
 [1 1 1 1 1 1 1]
 [1 1 1 1 1 1 1]]
No. of solutions so far:72
Locations of the arranged pieces[(0, 0, 32), (0, 3, 8), (1, 2, 16), (1, 6, 20), (2, 0, 12), (2, 4, 33), (4, 3, 18), (5, 0, 10), (4, 4, 4)]
------------------------------------------------------------------
Solution found with the path:{0: 32, 1: 8, 2: 24, 3: 2, 4: 3, 5: 25, 6: 4, 7: 9, 8: 10}
Board formed:
[[0 1 1 1 1 1 1]
 [1 1 1 1 1 1 1]
 [1 1 1 1 1 1 1]
 [1 1 1 1 1 1 1]
 [1 1 1 1 1 1 1]
 [1 1 1 1 1 1 1]
 [1 1 1 1 1 1 1]]
No. of solutions so far:73
Locations of the arranged pieces[(0, 0, 32), (0, 3, 8), (1, 2, 24), (1, 6, 2), (2, 0, 3), (2, 3, 25), (4, 0, 4), (5, 2, 9), (5, 3, 10)]
------------------------------------------------------------------
Solution found with the path:{0: 32, 1: 8, 2: 24, 3: 2, 4: 3, 5: 25, 6: 4, 7: 10, 8: 9}
Board formed:
[[0 1 1 1 1 1 1]
 [1 1 1 1 1 1 1]
 [1 1 1 1 1 1 1]
 [1 1 1 1 1 1 1]
 [1 1 1 1 1 1 1]
 [1 1 1 1 1 1 1]
 [1 1 1 1 1 1 1]]
No. of solutions so far:74
Locations of the arranged pieces[(0, 0, 32), (0, 3, 8), (1, 2, 24), (1, 6, 2), (2, 0, 3), (2, 3, 25), (4, 0, 4), (5, 3, 10), (5, 2, 9)]
------------------------------------------------------------------
Solution found with the path:{0: 32, 1: 8, 2: 24, 3: 2, 4: 3, 5: 25, 6: 4, 7: 10, 8: 27}
Board formed:
[[0 1 1 1 1 1 1]
 [1 1 1 1 1 1 1]
 [1 1 1 1 1 1 1]
 [1 1 1 1 1 1 1]
 [1 1 1 1 1 1 1]
 [1 1 1 1 1 1 1]
 [1 1 1 1 1 1 1]]
No. of solutions so far:75
Locations of the arranged pieces[(0, 0, 32), (0, 3, 8), (1, 2, 24), (1, 6, 2), (2, 0, 3), (2, 3, 25), (4, 0, 4), (5, 3, 10), (5, 2, 27)]
------------------------------------------------------------------
Solution found with the path:{0: 32, 1: 8, 2: 24, 3: 2, 4: 3, 5: 25, 6: 4, 7: 27, 8: 10}
Board formed:
[[0 1 1 1 1 1 1]
 [1 1 1 1 1 1 1]
 [1 1 1 1 1 1 1]
 [1 1 1 1 1 1 1]
 [1 1 1 1 1 1 1]
 [1 1 1 1 1 1 1]
 [1 1 1 1 1 1 1]]
No. of solutions so far:76
Locations of the arranged pieces[(0, 0, 32), (0, 3, 8), (1, 2, 24), (1, 6, 2), (2, 0, 3), (2, 3, 25), (4, 0, 4), (5, 2, 27), (5, 3, 10)]
------------------------------------------------------------------
Solution found with the path:{0: 32, 1: 8, 2: 24, 3: 2, 4: 3, 5: 25, 6: 4, 7: 28, 8: 9}
Board formed:
[[0 1 1 1 1 1 1]
 [1 1 1 1 1 1 1]
 [1 1 1 1 1 1 1]
 [1 1 1 1 1 1 1]
 [1 1 1 1 1 1 1]
 [1 1 1 1 1 1 1]
 [1 1 1 1 1 1 1]]
No. of solutions so far:77
Locations of the arranged pieces[(0, 0, 32), (0, 3, 8), (1, 2, 24), (1, 6, 2), (2, 0, 3), (2, 3, 25), (4, 0, 4), (5, 2, 28), (6, 5, 9)]
------------------------------------------------------------------
Solution found with the path:{0: 32, 1: 8, 2: 24, 3: 2, 4: 3, 5: 25, 6: 4, 7: 28, 8: 27}
Board formed:
[[0 1 1 1 1 1 1]
 [1 1 1 1 1 1 1]
 [1 1 1 1 1 1 1]
 [1 1 1 1 1 1 1]
 [1 1 1 1 1 1 1]
 [1 1 1 1 1 1 1]
 [1 1 1 1 1 1 1]]
No. of solutions so far:78
Locations of the arranged pieces[(0, 0, 32), (0, 3, 8), (1, 2, 24), (1, 6, 2), (2, 0, 3), (2, 3, 25), (4, 0, 4), (5, 2, 28), (6, 5, 27)]
------------------------------------------------------------------
Solution found with the path:{0: 32, 1: 8, 2: 24, 3: 20, 4: 3, 5: 25, 6: 4, 7: 9, 8: 10}
Board formed:
[[0 1 1 1 1 1 1]
 [1 1 1 1 1 1 1]
 [1 1 1 1 1 1 1]
 [1 1 1 1 1 1 1]
 [1 1 1 1 1 1 1]
 [1 1 1 1 1 1 1]
 [1 1 1 1 1 1 1]]
No. of solutions so far:79
Locations of the arranged pieces[(0, 0, 32), (0, 3, 8), (1, 2, 24), (1, 6, 20), (2, 0, 3), (2, 3, 25), (4, 0, 4), (5, 2, 9), (5, 3, 10)]
------------------------------------------------------------------
Solution found with the path:{0: 32, 1: 8, 2: 24, 3: 20, 4: 3, 5: 25, 6: 4, 7: 10, 8: 9}
Board formed:
[[0 1 1 1 1 1 1]
 [1 1 1 1 1 1 1]
 [1 1 1 1 1 1 1]
 [1 1 1 1 1 1 1]
 [1 1 1 1 1 1 1]
 [1 1 1 1 1 1 1]
 [1 1 1 1 1 1 1]]
No. of solutions so far:80
Locations of the arranged pieces[(0, 0, 32), (0, 3, 8), (1, 2, 24), (1, 6, 20), (2, 0, 3), (2, 3, 25), (4, 0, 4), (5, 3, 10), (5, 2, 9)]
------------------------------------------------------------------
Solution found with the path:{0: 32, 1: 8, 2: 24, 3: 20, 4: 3, 5: 25, 6: 4, 7: 10, 8: 27}
Board formed:
[[0 1 1 1 1 1 1]
 [1 1 1 1 1 1 1]
 [1 1 1 1 1 1 1]
 [1 1 1 1 1 1 1]
 [1 1 1 1 1 1 1]
 [1 1 1 1 1 1 1]
 [1 1 1 1 1 1 1]]
No. of solutions so far:81
Locations of the arranged pieces[(0, 0, 32), (0, 3, 8), (1, 2, 24), (1, 6, 20), (2, 0, 3), (2, 3, 25), (4, 0, 4), (5, 3, 10), (5, 2, 27)]
------------------------------------------------------------------
Solution found with the path:{0: 32, 1: 8, 2: 24, 3: 20, 4: 3, 5: 25, 6: 4, 7: 27, 8: 10}
Board formed:
[[0 1 1 1 1 1 1]
 [1 1 1 1 1 1 1]
 [1 1 1 1 1 1 1]
 [1 1 1 1 1 1 1]
 [1 1 1 1 1 1 1]
 [1 1 1 1 1 1 1]
 [1 1 1 1 1 1 1]]
No. of solutions so far:82
Locations of the arranged pieces[(0, 0, 32), (0, 3, 8), (1, 2, 24), (1, 6, 20), (2, 0, 3), (2, 3, 25), (4, 0, 4), (5, 2, 27), (5, 3, 10)]
------------------------------------------------------------------
Solution found with the path:{0: 32, 1: 8, 2: 24, 3: 20, 4: 3, 5: 25, 6: 4, 7: 28, 8: 9}
Board formed:
[[0 1 1 1 1 1 1]
 [1 1 1 1 1 1 1]
 [1 1 1 1 1 1 1]
 [1 1 1 1 1 1 1]
 [1 1 1 1 1 1 1]
 [1 1 1 1 1 1 1]
 [1 1 1 1 1 1 1]]
No. of solutions so far:83
Locations of the arranged pieces[(0, 0, 32), (0, 3, 8), (1, 2, 24), (1, 6, 20), (2, 0, 3), (2, 3, 25), (4, 0, 4), (5, 2, 28), (6, 5, 9)]
------------------------------------------------------------------
Solution found with the path:{0: 32, 1: 8, 2: 24, 3: 20, 4: 3, 5: 25, 6: 4, 7: 28, 8: 27}
Board formed:
[[0 1 1 1 1 1 1]
 [1 1 1 1 1 1 1]
 [1 1 1 1 1 1 1]
 [1 1 1 1 1 1 1]
 [1 1 1 1 1 1 1]
 [1 1 1 1 1 1 1]
 [1 1 1 1 1 1 1]]
No. of solutions so far:84
Locations of the arranged pieces[(0, 0, 32), (0, 3, 8), (1, 2, 24), (1, 6, 20), (2, 0, 3), (2, 3, 25), (4, 0, 4), (5, 2, 28), (6, 5, 27)]
------------------------------------------------------------------
Solution found with the path:{0: 32, 1: 12, 2: 22, 3: 0, 4: 33, 5: 19, 6: 34, 7: 11, 8: 17}
Board formed:
[[0 1 1 1 1 1 1]
 [1 1 1 1 1 1 1]
 [1 1 1 1 1 1 1]
 [1 1 1 1 1 1 1]
 [1 1 1 1 1 1 1]
 [1 1 1 1 1 1 1]
 [1 1 1 1 1 1 1]]
No. of solutions so far:85
Locations of the arranged pieces[(0, 0, 32), (0, 2, 12), (0, 4, 22), (2, 1, 0), (2, 4, 33), (3, 0, 19), (3, 2, 34), (6, 1, 11), (3, 5, 17)]
------------------------------------------------------------------
Solution found with the path:{0: 32, 1: 12, 2: 22, 3: 0, 4: 33, 5: 19, 6: 34, 7: 17, 8: 11}
Board formed:
[[0 1 1 1 1 1 1]
 [1 1 1 1 1 1 1]
 [1 1 1 1 1 1 1]
 [1 1 1 1 1 1 1]
 [1 1 1 1 1 1 1]
 [1 1 1 1 1 1 1]
 [1 1 1 1 1 1 1]]
No. of solutions so far:86
Locations of the arranged pieces[(0, 0, 32), (0, 2, 12), (0, 4, 22), (2, 1, 0), (2, 4, 33), (3, 0, 19), (3, 2, 34), (3, 5, 17), (6, 1, 11)]
------------------------------------------------------------------
Solution found with the path:{0: 32, 1: 12, 2: 22, 3: 0, 4: 33, 5: 19, 6: 34, 7: 17, 8: 29}
Board formed:
[[0 1 1 1 1 1 1]
 [1 1 1 1 1 1 1]
 [1 1 1 1 1 1 1]
 [1 1 1 1 1 1 1]
 [1 1 1 1 1 1 1]
 [1 1 1 1 1 1 1]
 [1 1 1 1 1 1 1]]
No. of solutions so far:87
Locations of the arranged pieces[(0, 0, 32), (0, 2, 12), (0, 4, 22), (2, 1, 0), (2, 4, 33), (3, 0, 19), (3, 2, 34), (3, 5, 17), (6, 1, 29)]
------------------------------------------------------------------
Solution found with the path:{0: 32, 1: 12, 2: 22, 3: 0, 4: 33, 5: 19, 6: 34, 7: 29, 8: 17}
Board formed:
[[0 1 1 1 1 1 1]
 [1 1 1 1 1 1 1]
 [1 1 1 1 1 1 1]
 [1 1 1 1 1 1 1]
 [1 1 1 1 1 1 1]
 [1 1 1 1 1 1 1]
 [1 1 1 1 1 1 1]]
No. of solutions so far:88
Locations of the arranged pieces[(0, 0, 32), (0, 2, 12), (0, 4, 22), (2, 1, 0), (2, 4, 33), (3, 0, 19), (3, 2, 34), (6, 1, 29), (3, 5, 17)]
------------------------------------------------------------------
Solution found with the path:{0: 32, 1: 12, 2: 22, 3: 1, 4: 33, 5: 34, 6: 17, 7: 0, 8: 11}
Board formed:
[[0 1 1 1 1 1 1]
 [1 1 1 1 1 1 1]
 [1 1 1 1 1 1 1]
 [1 1 1 1 1 1 1]
 [1 1 1 1 1 1 1]
 [1 1 1 1 1 1 1]
 [1 1 1 1 1 1 1]]
No. of solutions so far:89
Locations of the arranged pieces[(0, 0, 32), (0, 2, 12), (0, 4, 22), (2, 0, 1), (2, 4, 33), (3, 2, 34), (3, 5, 17), (5, 0, 0), (6, 1, 11)]
------------------------------------------------------------------
Solution found with the path:{0: 32, 1: 12, 2: 22, 3: 1, 4: 33, 5: 34, 6: 17, 7: 0, 8: 29}
Board formed:
[[0 1 1 1 1 1 1]
 [1 1 1 1 1 1 1]
 [1 1 1 1 1 1 1]
 [1 1 1 1 1 1 1]
 [1 1 1 1 1 1 1]
 [1 1 1 1 1 1 1]
 [1 1 1 1 1 1 1]]
No. of solutions so far:90
Locations of the arranged pieces[(0, 0, 32), (0, 2, 12), (0, 4, 22), (2, 0, 1), (2, 4, 33), (3, 2, 34), (3, 5, 17), (5, 0, 0), (6, 1, 29)]
------------------------------------------------------------------
Solution found with the path:{0: 32, 1: 12, 2: 22, 3: 1, 4: 33, 5: 34, 6: 17, 7: 18, 8: 11}
Board formed:
[[0 1 1 1 1 1 1]
 [1 1 1 1 1 1 1]
 [1 1 1 1 1 1 1]
 [1 1 1 1 1 1 1]
 [1 1 1 1 1 1 1]
 [1 1 1 1 1 1 1]
 [1 1 1 1 1 1 1]]
No. of solutions so far:91
Locations of the arranged pieces[(0, 0, 32), (0, 2, 12), (0, 4, 22), (2, 0, 1), (2, 4, 33), (3, 2, 34), (3, 5, 17), (5, 0, 18), (6, 1, 11)]
------------------------------------------------------------------
Solution found with the path:{0: 32, 1: 12, 2: 22, 3: 1, 4: 33, 5: 34, 6: 17, 7: 18, 8: 29}
Board formed:
[[0 1 1 1 1 1 1]
 [1 1 1 1 1 1 1]
 [1 1 1 1 1 1 1]
 [1 1 1 1 1 1 1]
 [1 1 1 1 1 1 1]
 [1 1 1 1 1 1 1]
 [1 1 1 1 1 1 1]]
No. of solutions so far:92
Locations of the arranged pieces[(0, 0, 32), (0, 2, 12), (0, 4, 22), (2, 0, 1), (2, 4, 33), (3, 2, 34), (3, 5, 17), (5, 0, 18), (6, 1, 29)]
------------------------------------------------------------------
Solution found with the path:{0: 32, 1: 12, 2: 22, 3: 18, 4: 33, 5: 19, 6: 34, 7: 11, 8: 17}
Board formed:
[[0 1 1 1 1 1 1]
 [1 1 1 1 1 1 1]
 [1 1 1 1 1 1 1]
 [1 1 1 1 1 1 1]
 [1 1 1 1 1 1 1]
 [1 1 1 1 1 1 1]
 [1 1 1 1 1 1 1]]
No. of solutions so far:93
Locations of the arranged pieces[(0, 0, 32), (0, 2, 12), (0, 4, 22), (2, 1, 18), (2, 4, 33), (3, 0, 19), (3, 2, 34), (6, 1, 11), (3, 5, 17)]
------------------------------------------------------------------
Solution found with the path:{0: 32, 1: 12, 2: 22, 3: 18, 4: 33, 5: 19, 6: 34, 7: 17, 8: 11}
Board formed:
[[0 1 1 1 1 1 1]
 [1 1 1 1 1 1 1]
 [1 1 1 1 1 1 1]
 [1 1 1 1 1 1 1]
 [1 1 1 1 1 1 1]
 [1 1 1 1 1 1 1]
 [1 1 1 1 1 1 1]]
No. of solutions so far:94
Locations of the arranged pieces[(0, 0, 32), (0, 2, 12), (0, 4, 22), (2, 1, 18), (2, 4, 33), (3, 0, 19), (3, 2, 34), (3, 5, 17), (6, 1, 11)]
------------------------------------------------------------------
Solution found with the path:{0: 32, 1: 12, 2: 22, 3: 18, 4: 33, 5: 19, 6: 34, 7: 17, 8: 29}
Board formed:
[[0 1 1 1 1 1 1]
 [1 1 1 1 1 1 1]
 [1 1 1 1 1 1 1]
 [1 1 1 1 1 1 1]
 [1 1 1 1 1 1 1]
 [1 1 1 1 1 1 1]
 [1 1 1 1 1 1 1]]
No. of solutions so far:95
Locations of the arranged pieces[(0, 0, 32), (0, 2, 12), (0, 4, 22), (2, 1, 18), (2, 4, 33), (3, 0, 19), (3, 2, 34), (3, 5, 17), (6, 1, 29)]
------------------------------------------------------------------
Solution found with the path:{0: 32, 1: 12, 2: 22, 3: 18, 4: 33, 5: 19, 6: 34, 7: 29, 8: 17}
Board formed:
[[0 1 1 1 1 1 1]
 [1 1 1 1 1 1 1]
 [1 1 1 1 1 1 1]
 [1 1 1 1 1 1 1]
 [1 1 1 1 1 1 1]
 [1 1 1 1 1 1 1]
 [1 1 1 1 1 1 1]]
No. of solutions so far:96
Locations of the arranged pieces[(0, 0, 32), (0, 2, 12), (0, 4, 22), (2, 1, 18), (2, 4, 33), (3, 0, 19), (3, 2, 34), (6, 1, 29), (3, 5, 17)]
------------------------------------------------------------------
Solution found with the path:{0: 32, 1: 20, 2: 16, 3: 31, 4: 15, 5: 17, 6: 21, 7: 0, 8: 10}
Board formed:
[[0 1 1 1 1 1 1]
 [1 1 1 1 1 1 1]
 [1 1 1 1 1 1 1]
 [1 1 1 1 1 1 1]
 [1 1 1 1 1 1 1]
 [1 1 1 1 1 1 1]
 [1 1 1 1 1 1 1]]
No. of solutions so far:97
Locations of the arranged pieces[(0, 0, 32), (0, 3, 20), (0, 4, 16), (1, 0, 31), (2, 4, 15), (2, 5, 17), (4, 0, 21), (5, 0, 0), (5, 3, 10)]
------------------------------------------------------------------
Solution found with the path:{0: 32, 1: 20, 2: 16, 3: 31, 4: 15, 5: 17, 6: 21, 7: 10, 8: 0}
Board formed:
[[0 1 1 1 1 1 1]
 [1 1 1 1 1 1 1]
 [1 1 1 1 1 1 1]
 [1 1 1 1 1 1 1]
 [1 1 1 1 1 1 1]
 [1 1 1 1 1 1 1]
 [1 1 1 1 1 1 1]]
No. of solutions so far:98
Locations of the arranged pieces[(0, 0, 32), (0, 3, 20), (0, 4, 16), (1, 0, 31), (2, 4, 15), (2, 5, 17), (4, 0, 21), (5, 3, 10), (5, 0, 0)]
------------------------------------------------------------------
Solution found with the path:{0: 32, 1: 20, 2: 16, 3: 31, 4: 15, 5: 17, 6: 21, 7: 10, 8: 18}
Board formed:
[[0 1 1 1 1 1 1]
 [1 1 1 1 1 1 1]
 [1 1 1 1 1 1 1]
 [1 1 1 1 1 1 1]
 [1 1 1 1 1 1 1]
 [1 1 1 1 1 1 1]
 [1 1 1 1 1 1 1]]
No. of solutions so far:99
Locations of the arranged pieces[(0, 0, 32), (0, 3, 20), (0, 4, 16), (1, 0, 31), (2, 4, 15), (2, 5, 17), (4, 0, 21), (5, 3, 10), (5, 0, 18)]
------------------------------------------------------------------
Solution found with the path:{0: 32, 1: 20, 2: 16, 3: 31, 4: 15, 5: 17, 6: 21, 7: 18, 8: 10}
Board formed:
[[0 1 1 1 1 1 1]
 [1 1 1 1 1 1 1]
 [1 1 1 1 1 1 1]
 [1 1 1 1 1 1 1]
 [1 1 1 1 1 1 1]
 [1 1 1 1 1 1 1]
 [1 1 1 1 1 1 1]]
No. of solutions so far:100
Locations of the arranged pieces[(0, 0, 32), (0, 3, 20), (0, 4, 16), (1, 0, 31), (2, 4, 15), (2, 5, 17), (4, 0, 21), (5, 0, 18), (5, 3, 10)]
------------------------------------------------------------------
Solution found with the path:{0: 32, 1: 22, 2: 2, 3: 10, 4: 8, 5: 3, 6: 7, 7: 6, 8: 9}
Board formed:
[[0 1 1 1 1 1 1]
 [1 1 1 1 1 1 1]
 [1 1 1 1 1 1 1]
 [1 1 1 1 1 1 1]
 [1 1 1 1 1 1 1]
 [1 1 1 1 1 1 1]
 [1 1 1 1 1 1 1]]
No. of solutions so far:101
Locations of the arranged pieces[(0, 0, 32), (0, 3, 22), (0, 6, 2), (1, 1, 10), (3, 0, 8), (3, 3, 3), (4, 0, 7), (5, 2, 6), (6, 5, 9)]
------------------------------------------------------------------
Solution found with the path:{0: 32, 1: 22, 2: 2, 3: 10, 4: 8, 5: 3, 6: 7, 7: 6, 8: 27}
Board formed:
[[0 1 1 1 1 1 1]
 [1 1 1 1 1 1 1]
 [1 1 1 1 1 1 1]
 [1 1 1 1 1 1 1]
 [1 1 1 1 1 1 1]
 [1 1 1 1 1 1 1]
 [1 1 1 1 1 1 1]]
No. of solutions so far:102
Locations of the arranged pieces[(0, 0, 32), (0, 3, 22), (0, 6, 2), (1, 1, 10), (3, 0, 8), (3, 3, 3), (4, 0, 7), (5, 2, 6), (6, 5, 27)]
------------------------------------------------------------------
Solution found with the path:{0: 32, 1: 22, 2: 2, 3: 10, 4: 15, 5: 21, 6: 9, 7: 26, 8: 34}
Board formed:
[[0 1 1 1 1 1 1]
 [1 1 1 1 1 1 1]
 [1 1 1 1 1 1 1]
 [1 1 1 1 1 1 1]
 [1 1 1 1 1 1 1]
 [1 1 1 1 1 1 1]
 [1 1 1 1 1 1 1]]
No. of solutions so far:103
Locations of the arranged pieces[(0, 0, 32), (0, 3, 22), (0, 6, 2), (1, 1, 10), (3, 0, 15), (3, 1, 21), (3, 4, 9), (5, 0, 26), (4, 4, 34)]
------------------------------------------------------------------
Solution found with the path:{0: 32, 1: 22, 2: 2, 3: 10, 4: 15, 5: 21, 6: 9, 7: 34, 8: 26}
Board formed:
[[0 1 1 1 1 1 1]
 [1 1 1 1 1 1 1]
 [1 1 1 1 1 1 1]
 [1 1 1 1 1 1 1]
 [1 1 1 1 1 1 1]
 [1 1 1 1 1 1 1]
 [1 1 1 1 1 1 1]]
No. of solutions so far:104
Locations of the arranged pieces[(0, 0, 32), (0, 3, 22), (0, 6, 2), (1, 1, 10), (3, 0, 15), (3, 1, 21), (3, 4, 9), (4, 4, 34), (5, 0, 26)]
------------------------------------------------------------------
Solution found with the path:{0: 32, 1: 22, 2: 2, 3: 10, 4: 15, 5: 21, 6: 27, 7: 26, 8: 34}
Board formed:
[[0 1 1 1 1 1 1]
 [1 1 1 1 1 1 1]
 [1 1 1 1 1 1 1]
 [1 1 1 1 1 1 1]
 [1 1 1 1 1 1 1]
 [1 1 1 1 1 1 1]
 [1 1 1 1 1 1 1]]
No. of solutions so far:105
Locations of the arranged pieces[(0, 0, 32), (0, 3, 22), (0, 6, 2), (1, 1, 10), (3, 0, 15), (3, 1, 21), (3, 4, 27), (5, 0, 26), (4, 4, 34)]
------------------------------------------------------------------
Solution found with the path:{0: 32, 1: 22, 2: 2, 3: 10, 4: 15, 5: 21, 6: 27, 7: 34, 8: 26}
Board formed:
[[0 1 1 1 1 1 1]
 [1 1 1 1 1 1 1]
 [1 1 1 1 1 1 1]
 [1 1 1 1 1 1 1]
 [1 1 1 1 1 1 1]
 [1 1 1 1 1 1 1]
 [1 1 1 1 1 1 1]]
No. of solutions so far:106
Locations of the arranged pieces[(0, 0, 32), (0, 3, 22), (0, 6, 2), (1, 1, 10), (3, 0, 15), (3, 1, 21), (3, 4, 27), (4, 4, 34), (5, 0, 26)]
------------------------------------------------------------------
Solution found with the path:{0: 32, 1: 22, 2: 20, 3: 10, 4: 8, 5: 3, 6: 7, 7: 6, 8: 9}
Board formed:
[[0 1 1 1 1 1 1]
 [1 1 1 1 1 1 1]
 [1 1 1 1 1 1 1]
 [1 1 1 1 1 1 1]
 [1 1 1 1 1 1 1]
 [1 1 1 1 1 1 1]
 [1 1 1 1 1 1 1]]
No. of solutions so far:107
Locations of the arranged pieces[(0, 0, 32), (0, 3, 22), (0, 6, 20), (1, 1, 10), (3, 0, 8), (3, 3, 3), (4, 0, 7), (5, 2, 6), (6, 5, 9)]
------------------------------------------------------------------
Solution found with the path:{0: 32, 1: 22, 2: 20, 3: 10, 4: 8, 5: 3, 6: 7, 7: 6, 8: 27}
Board formed:
[[0 1 1 1 1 1 1]
 [1 1 1 1 1 1 1]
 [1 1 1 1 1 1 1]
 [1 1 1 1 1 1 1]
 [1 1 1 1 1 1 1]
 [1 1 1 1 1 1 1]
 [1 1 1 1 1 1 1]]
No. of solutions so far:108
Locations of the arranged pieces[(0, 0, 32), (0, 3, 22), (0, 6, 20), (1, 1, 10), (3, 0, 8), (3, 3, 3), (4, 0, 7), (5, 2, 6), (6, 5, 27)]
------------------------------------------------------------------
Solution found with the path:{0: 32, 1: 22, 2: 20, 3: 10, 4: 15, 5: 21, 6: 9, 7: 26, 8: 34}
Board formed:
[[0 1 1 1 1 1 1]
 [1 1 1 1 1 1 1]
 [1 1 1 1 1 1 1]
 [1 1 1 1 1 1 1]
 [1 1 1 1 1 1 1]
 [1 1 1 1 1 1 1]
 [1 1 1 1 1 1 1]]
No. of solutions so far:109
Locations of the arranged pieces[(0, 0, 32), (0, 3, 22), (0, 6, 20), (1, 1, 10), (3, 0, 15), (3, 1, 21), (3, 4, 9), (5, 0, 26), (4, 4, 34)]
------------------------------------------------------------------
Solution found with the path:{0: 32, 1: 22, 2: 20, 3: 10, 4: 15, 5: 21, 6: 9, 7: 34, 8: 26}
Board formed:
[[0 1 1 1 1 1 1]
 [1 1 1 1 1 1 1]
 [1 1 1 1 1 1 1]
 [1 1 1 1 1 1 1]
 [1 1 1 1 1 1 1]
 [1 1 1 1 1 1 1]
 [1 1 1 1 1 1 1]]
No. of solutions so far:110
Locations of the arranged pieces[(0, 0, 32), (0, 3, 22), (0, 6, 20), (1, 1, 10), (3, 0, 15), (3, 1, 21), (3, 4, 9), (4, 4, 34), (5, 0, 26)]
------------------------------------------------------------------
Solution found with the path:{0: 32, 1: 22, 2: 20, 3: 10, 4: 15, 5: 21, 6: 27, 7: 26, 8: 34}
Board formed:
[[0 1 1 1 1 1 1]
 [1 1 1 1 1 1 1]
 [1 1 1 1 1 1 1]
 [1 1 1 1 1 1 1]
 [1 1 1 1 1 1 1]
 [1 1 1 1 1 1 1]
 [1 1 1 1 1 1 1]]
No. of solutions so far:111
Locations of the arranged pieces[(0, 0, 32), (0, 3, 22), (0, 6, 20), (1, 1, 10), (3, 0, 15), (3, 1, 21), (3, 4, 27), (5, 0, 26), (4, 4, 34)]
------------------------------------------------------------------
Solution found with the path:{0: 32, 1: 22, 2: 20, 3: 10, 4: 15, 5: 21, 6: 27, 7: 34, 8: 26}
Board formed:
[[0 1 1 1 1 1 1]
 [1 1 1 1 1 1 1]
 [1 1 1 1 1 1 1]
 [1 1 1 1 1 1 1]
 [1 1 1 1 1 1 1]
 [1 1 1 1 1 1 1]
 [1 1 1 1 1 1 1]]
No. of solutions so far:112
Locations of the arranged pieces[(0, 0, 32), (0, 3, 22), (0, 6, 20), (1, 1, 10), (3, 0, 15), (3, 1, 21), (3, 4, 27), (4, 4, 34), (5, 0, 26)]
------------------------------------------------------------------
Solution found with the path:{0: 32, 1: 34, 2: 24, 3: 2, 4: 26, 5: 31, 6: 21, 7: 0, 8: 10}
Board formed:
[[0 1 1 1 1 1 1]
 [1 1 1 1 1 1 1]
 [1 1 1 1 1 1 1]
 [1 1 1 1 1 1 1]
 [1 1 1 1 1 1 1]
 [1 1 1 1 1 1 1]
 [1 1 1 1 1 1 1]]
No. of solutions so far:113
Locations of the arranged pieces[(0, 0, 32), (0, 2, 34), (0, 4, 24), (1, 6, 2), (2, 0, 26), (2, 3, 31), (4, 0, 21), (5, 0, 0), (5, 3, 10)]
------------------------------------------------------------------
Solution found with the path:{0: 32, 1: 34, 2: 24, 3: 2, 4: 26, 5: 31, 6: 21, 7: 10, 8: 0}
Board formed:
[[0 1 1 1 1 1 1]
 [1 1 1 1 1 1 1]
 [1 1 1 1 1 1 1]
 [1 1 1 1 1 1 1]
 [1 1 1 1 1 1 1]
 [1 1 1 1 1 1 1]
 [1 1 1 1 1 1 1]]
No. of solutions so far:114
Locations of the arranged pieces[(0, 0, 32), (0, 2, 34), (0, 4, 24), (1, 6, 2), (2, 0, 26), (2, 3, 31), (4, 0, 21), (5, 3, 10), (5, 0, 0)]
------------------------------------------------------------------
Solution found with the path:{0: 32, 1: 34, 2: 24, 3: 2, 4: 26, 5: 31, 6: 21, 7: 10, 8: 18}
Board formed:
[[0 1 1 1 1 1 1]
 [1 1 1 1 1 1 1]
 [1 1 1 1 1 1 1]
 [1 1 1 1 1 1 1]
 [1 1 1 1 1 1 1]
 [1 1 1 1 1 1 1]
 [1 1 1 1 1 1 1]]
No. of solutions so far:115
Locations of the arranged pieces[(0, 0, 32), (0, 2, 34), (0, 4, 24), (1, 6, 2), (2, 0, 26), (2, 3, 31), (4, 0, 21), (5, 3, 10), (5, 0, 18)]
------------------------------------------------------------------
Solution found with the path:{0: 32, 1: 34, 2: 24, 3: 2, 4: 26, 5: 31, 6: 21, 7: 18, 8: 10}
Board formed:
[[0 1 1 1 1 1 1]
 [1 1 1 1 1 1 1]
 [1 1 1 1 1 1 1]
 [1 1 1 1 1 1 1]
 [1 1 1 1 1 1 1]
 [1 1 1 1 1 1 1]
 [1 1 1 1 1 1 1]]
No. of solutions so far:116
Locations of the arranged pieces[(0, 0, 32), (0, 2, 34), (0, 4, 24), (1, 6, 2), (2, 0, 26), (2, 3, 31), (4, 0, 21), (5, 0, 18), (5, 3, 10)]
------------------------------------------------------------------
Solution found with the path:{0: 32, 1: 34, 2: 24, 3: 20, 4: 26, 5: 31, 6: 21, 7: 0, 8: 10}
Board formed:
[[0 1 1 1 1 1 1]
 [1 1 1 1 1 1 1]
 [1 1 1 1 1 1 1]
 [1 1 1 1 1 1 1]
 [1 1 1 1 1 1 1]
 [1 1 1 1 1 1 1]
 [1 1 1 1 1 1 1]]
No. of solutions so far:117
Locations of the arranged pieces[(0, 0, 32), (0, 2, 34), (0, 4, 24), (1, 6, 20), (2, 0, 26), (2, 3, 31), (4, 0, 21), (5, 0, 0), (5, 3, 10)]
------------------------------------------------------------------
Solution found with the path:{0: 32, 1: 34, 2: 24, 3: 20, 4: 26, 5: 31, 6: 21, 7: 10, 8: 0}
Board formed:
[[0 1 1 1 1 1 1]
 [1 1 1 1 1 1 1]
 [1 1 1 1 1 1 1]
 [1 1 1 1 1 1 1]
 [1 1 1 1 1 1 1]
 [1 1 1 1 1 1 1]
 [1 1 1 1 1 1 1]]
No. of solutions so far:118
Locations of the arranged pieces[(0, 0, 32), (0, 2, 34), (0, 4, 24), (1, 6, 20), (2, 0, 26), (2, 3, 31), (4, 0, 21), (5, 3, 10), (5, 0, 0)]
------------------------------------------------------------------
Solution found with the path:{0: 32, 1: 34, 2: 24, 3: 20, 4: 26, 5: 31, 6: 21, 7: 10, 8: 18}
Board formed:
[[0 1 1 1 1 1 1]
 [1 1 1 1 1 1 1]
 [1 1 1 1 1 1 1]
 [1 1 1 1 1 1 1]
 [1 1 1 1 1 1 1]
 [1 1 1 1 1 1 1]
 [1 1 1 1 1 1 1]]
No. of solutions so far:119
Locations of the arranged pieces[(0, 0, 32), (0, 2, 34), (0, 4, 24), (1, 6, 20), (2, 0, 26), (2, 3, 31), (4, 0, 21), (5, 3, 10), (5, 0, 18)]
------------------------------------------------------------------
Solution found with the path:{0: 32, 1: 34, 2: 24, 3: 20, 4: 26, 5: 31, 6: 21, 7: 18, 8: 10}
Board formed:
[[0 1 1 1 1 1 1]
 [1 1 1 1 1 1 1]
 [1 1 1 1 1 1 1]
 [1 1 1 1 1 1 1]
 [1 1 1 1 1 1 1]
 [1 1 1 1 1 1 1]
 [1 1 1 1 1 1 1]]
No. of solutions so far:120
Locations of the arranged pieces[(0, 0, 32), (0, 2, 34), (0, 4, 24), (1, 6, 20), (2, 0, 26), (2, 3, 31), (4, 0, 21), (5, 0, 18), (5, 3, 10)]
------------------------------------------------------------------
